#nucid	Z	A	liso	energy_[keV]	D_energy_[keV]	beta-_%	D_beta-	QB-	QB-_unc	QB-n	QB-n_unc	QB-2n	QB-2n_unc	QB-3n	QB-3n_unc	T1/2_[s]	D_T1/2_[s]	pn1_%	D_pn1	pn2_%	D_pn2	pn3_%	D_pn3	Neueff_unity	lowerEff	upperEff	D_T1/2_[s] Hi	D_pn1 Hi	D_pn2 Hi
8He	2	8	0	0	0	100	0	10663.88	0.1	8631.26	0.09	1380.168	0.089	0	0	0.1194	0.0015	16	1	0	0	0	0	0.668	0.02	0.02	0.0015	1	0
9Li	3	9	0	0	0	100	0	13606.45	0.2	11941.91	0.19	0	0	0	0	0.1782	0.0004	50.5	1	0	0	0	0	0.668	0.02	0.02	0.0004	1	0
11Li	3	11	0	0	0	100	0	20551.09	0.66	20049.45	0.62	13237.17	0.62	11572.63	0.62	0.00858	0.00032	86.6	1.3	4.2	0.4	1.9	0.2	0.668	0.02	0.02	0.00032	1.3	0.4
11Be	4	11	0	0	0	100	0	11509.46	0.24	55.24	0.24	0	0	0	0	13.74	0.08	0	0	0	0	0	0	0.668	0.02	0.02	0.08	0	0
12Be	4	12	0	0	0	100	0	11708.4	2.3	8338.7	1.9	0	0	0	0	0.02147	4E-05	0.5	0.03	0	0	0	0	0.668	0.02	0.02	4E-05	0.03	0
14Be	4	14	0	0	0	100	0	16290	130	15320	130	10440	130	7070	130	0.00453	0.00027	86	6	5	2	0	0	0.668	0.02	0.02	0.00027	6	2
13B	5	13	0	0	0	100	0	13436.9	1	8490.6	1	0	0	0	0	0.01716	0.00018	0.266	0.036	0	0	0	0	0.646708	0.047274519707107	0.047274519707107	0.00018	0.036	0
14B	5	14	0	0	0	100	0	20644	21	12467	21	7521	21	0	0	0.01236	0.00029	6.04	0.23	0	0	0	0	0.625195	0.05156035970804	0.05156035970804	0.00029	0.23	0
15B	5	15	0	0	0	100	0	19085	21	17867	21	9691	21	4744	21	0.01018	0.00035	98.93	0.83	0.75	0.75	0	0	0.600499	0.095219688846902	0.095219688846902	0.00035	0.83	0.75
17B	5	17	0	0	0	100	0	22680	200	21950	200	17700	200	16480	200	0.00508	5E-05	63	1	12	2	3.5	0.7	0.587135	0.119502240842599	0.119502240842599	5E-05	1	2
19B	5	19	0	0	0	100	0	27360	530	26780	530	22600	530	21860	530	0.00292	0.00013	71.4	8.7	16.4	5.2	4.55	4.55	0.568318	0.12538359850958	0.12538359850958	0.00013	8.7	5.2
16C	6	16	0	0	0	100	0	8010.2	4.3	5521.4	3.6	0	0	0	0	0.7546	0.008	99.28	0.12	0	0	0	0	0.660304	0.033968886649026	0.033968886649026	0.008	0.12	0
17C	6	17	0	0	0	100	0	13162	23	7277	18	4788	17	0	0	0.191	0.006	28.4	1.3	0	0	0	0	0.652743	0.043751039503583	0.043751039503583	0.006	1.3	0
18C	6	18	0	0	0	100	0	11806	35	8978	34	3093	30	604	30	0.092	0.002	22	4.4	0	0	0	0	0.643851	0.04778759043079	0.04778759043079	0.002	4.4	0
19C	6	19	0	0	0	100	0	16557	100	11230	100	8401	100	2516	98	0.0462	0.004	47	3	7	3	0	0	0.633011	0.049258766067665	0.049258766067665	0.004	3	3
20C	6	20	0	0	0	100	0	15740	240	13580	230	8250	230	5420	230	0.0162	0.0035	66	14	9.3	9.3	0	0	0.620032	0.062486762029422	0.062486762029422	0.0035	14	9.3
22C	6	22	0	0	0	100	0	21850	310	20310	270	15700	240	13540	230	0.0062	0.0013	61.5	13.5	18.5	18.5	0	0	0.584592	0.095379232722945	0.095379232722945	0.0013	13.5	18.5
17N	7	17	0	0	0	100	0	8679	15	4536	15	0	0	0	0	4.171	0.004	95.1	0.7	0	0	0	0	0.663636	0.029833796732002	0.029833796732002	0.004	0.7	0
18N	7	18	0	0	0	100	0	13896	19	5851	19	1708	19	0	0	0.619	0.002	10.9	0.9	0	0	0	0	0.658109	0.036569498688017	0.036569498688017	0.002	0.9	0
19N	7	19	0	0	0	100	0	12523	17	8568	16	522	16	0	0	0.336	0.003	41.8	0.9	0	0	0	0	0.646241	0.047732531999391	0.047732531999391	0.003	0.9	0
20N	7	20	0	0	0	100	0	17970	79	10362	79	6407	79	0	0	0.136	0.003	42.9	1.4	0	0	0	0	0.63658	0.053774371663089	0.032434385191645	0.003	1.4	0
21N	7	21	0	0	0	100	0	17170	130	13360	130	5760	130	1800	130	0.0848	0.0067	86.5	4.2	0	0	0	0	0.620832	0.058751331695559	0.038976893873186	0.0067	4.2	0
22N	7	22	0	0	0	100	0	22480	220	15630	210	11830	210	4220	210	0.0195	0.002	34	3	12	3	0	0	0.607939	0.082473859306746	0.046638894390293	0.002	3	3
23N	7	23	0	0	0	100	0	22100	440	19370	420	12520	420	8710	420	0.01395	0.00135	42.1	6.4	8.2	3.6	1.7	1.7	0.599938	0.106576710211282	0.044024133977395	0.00135	6.4	3.6
22O	8	22	0	0	0	100	0	6490	58	1259	57	0	0	0	0	2.25	0.09	11	11	0	0	0	0	0.6732	0.020524247903395	0.020213336810136	0.09	11	0
23O	8	23	0	0	0	100	0	11340	130	3760	120	0	0	0	0	0.097	0.008	7	2	0	0	0	0	0.66769	0.02625215997761	0.02077472123736	0.008	2	0
24O	8	24	0	0	0	100	0	10960	190	7140	170	0	0	0	0	0.072	0.005	41	6	0	0	0	0	0.653176	0.042641987843889	0.024936798657374	0.005	6	0
22F	9	22	0	0	0	100	0	10818	12	454	12	0	0	0	0	4.23	0.04	5.5	5.5	0	0	0	0	0.672546	0.02020002076495	0.020188243457627	0.04	5.5	0
23F	9	23	0	0	0	100	0	8439	33	3239	33	0	0	0	0	2.23	0.14	7	7	0	0	0	0	0.669138	0.024821988170564	0.020480989740235	0.14	7	0
24F	9	24	0	0	0	100	0	13496	98	4627	98	0	0	0	0	0.382	0.016	2.95	2.95	0	0	0	0	0.66349	0.03037926236909	0.021304485609608	0.016	2.95	0
25F	9	25	0	0	0	100	0	13370	100	9214	96	346	96	0	0	0.075	0.01	19.5	5	0	0	0	0	0.642515	0.048940711046147	0.028894092782133	0.01	5	0
26F	9	26	0	0	0	100	0	18170	110	12610	110	8460	110	0	0	0.0082	0.0009	13.5	4	0	0	0	0	0.629617	0.047120466583217	0.034944753683781	0.0009	4	0
26F	9	26	1	643.4	0.1	18	11	18170	110	12610	110	8460	110	0	0	0.0022	0.0001	12	8	0	0	0	0	0.629617	0.047120466583217	0.034944753683781	0.0001	8	0
27F	9	27	0	0	0	100	0	18400	400	16900	390	11340	390	7190	390	0.0057	0.0008	80	20	0	0	0	0	0.614088	0.072867301751675	0.042937073963762	0.0008	20	0
29F	9	29	0	0	0	100	0	21750	550	20780	540	16960	530	15460	530	0.00267	0.00021	60	40	0	0	0	0	0.601003	0.094713971880648	0.047482392751504	0.00021	40	0
26Ne	10	26	0	0	0	100	0	7342	19	1768	18	0	0	0	0	0.195	0.002	0.13	0.03	0	0	0	0	0.6732	0.020920259678121	0.020201679558888	0.002	0.03	0
27Ne	10	27	0	0	0	100	0	12569	91	5840	91	266	91	0	0	0.0289	0.0011	2	0.5	0	0	0	0	0.658082	0.036604421902983	0.022808481116716	0.0011	0.5	0
28Ne	10	28	0	0	0	100	0	12290	130	8750	130	2020	130	0	0	0.0189	0.0005	12	1	3.7	0.5	0	0	0.645266	0.048063660271357	0.027892256105959	0.0005	1	0.5
29Ne	10	29	0	0	0	100	0	15720	150	11320	150	7770	150	1050	150	0.014	0.0005	28	7	4	1	0	0	0.634079	0.050662772293045	0.033469269553083	0.0005	7	1
30Ne	10	30	0	0	0	100	0	14810	250	12530	250	8130	250	4580	250	0.00739	0.00011	12.6	3.5	8.9	2.3	0	0	0.629903	0.04716971455784	0.034804827171933	0.00011	3.5	2.3
31Ne	10	31	0	0	0	100	0	18940	270	14640	270	12360	270	7960	270	0.0034	0.0008	0	0	0	0	0	0	0.622858	0.055664003048178	0.03794044384753	0.0008	0	0
32Ne	10	32	0	0	0	100	0	18360	500	16680	500	12380	500	10110	500	0.0035	0.0009	0	0	0	0	0	0	0.615232	0.072875986253646	0.042178677651648	0.0009	0	0
27Na	11	27	0	0	0	100	0	9068.8	3.7	2625.4	3.7	0	0	0	0	0.3	0.007	0.13	0.04	0	0	0	0	0.669552	0.022111149713066	0.020415136458853	0.007	0.04	0
28Na	11	28	0	0	0	100	0	14031	10	5527	10	0	0	0	0	0.0322	0.0018	0.84	0.17	0	0	0	0	0.660229	0.033970824249595	0.021890906404188	0.0018	0.17	0
29Na	11	29	0	0	0	100	0	13283	14	9627.5	7.6	1124	7.3	0	0	0.0436	0.001	25	1.6	0	0	0	0	0.640165	0.044678246434954	0.030165389911329	0.001	1.6	0
30Na	11	30	0	0	0	100	0	17358.5	5.8	11006	12	7350.9	5.1	0	0	0.0494	0.002	30	5	1.27	0.25	0	0	0.634741	0.051233245967564	0.033458356868993	0.002	5	0.25
31Na	11	31	0	0	0	100	0	15368	14	13059	14	6706	18	3051	14	0.0174	0.0004	37	6	0.79	0.24	0	0	0.627037	0.049054156556118	0.036224214393581	0.0004	6	0.24
32Na	11	32	0	0	0	100	0	19469	37	13691	37	11381	37	5029	39	0.0133	0.0004	24	8	8.8	2.5	0	0	0.625566	0.05099765778269	0.036732907144962	0.0004	8	2.5
33Na	11	33	0	0	0	100	0	18820	450	16540	450	10760	450	8450	450	0.0081	0.0004	47	6	13	3	0	0	0.615967	0.07288157387557	0.041693697792114	0.0004	6	3
34Na	11	34	0	0	0	100	0	23360	600	18650	600	16370	600	10590	600	0.005	0.0009	54	5	18	5	0	0	0.60627	0.083766418125702	0.047602679153699	0.0009	5	5
35Na	11	35	0	0	0	100	0	22590	720	21840	670	17130	670	14850	670	0.0018	0.0005	0	0	0	0	0	0	0.597311	0.095637741104905	0.048523924239996	0.0005	0	0
30Mg	12	30	0	0	0	100	0	6981	4.5	1252.6	3.5	0	0	0	0	0.317	0.005	0.03	0.03	0	0	0	0	0.6732	0.020524069796217	0.020213378243134	0.005	0.03	0
31Mg	12	31	0	0	0	100	0	11828.6	3.8	4671.4	4.2	0	0	0	0	0.236	0.02	6.2	1.9	0	0	0	0	0.663384	0.030778790413374	0.021282675168089	0.02	1.9	0
32Mg	12	32	0	0	0	100	0	10270.5	7.9	6050.5	4	0	0	0	0	0.086	0.005	5.4	0.5	0	0	0	0	0.657201	0.037194493677975	0.023223874955763	0.005	0.5	0
33Mg	12	33	0	0	0	100	0	13459.7	7.6	7990.4	7.7	3770.4	3.7	0	0	0.0894	0.001	14	2	0	0	0	0	0.649835	0.047853127154895	0.02620280592804	0.001	2	0
34Mg	12	34	0	0	0	100	0	11324	29	8749	30	3280	30	0	0	0.02	0.01	58	12	0	0	0	0	0.645119	0.048034425579421	0.0279446888647	0.01	12	0
35Mg	12	35	0	0	0	100	0	15860	270	10570	270	7990	270	2530	270	0.0113	0.0006	52	46	0	0	0	0	0.635646	0.052401905829697	0.033034707181757	0.0006	46	0
36Mg	12	36	0	0	0	100	0	14430	710	12530	690	7240	690	4660	690	0.0058	0.0019	48	12	0	0	0	0	0.62507	0.051749078044058	0.036889660860599	0.0019	12	0
37Mg	12	37	0	0	0	100	0	18400	720	14190	710	12290	700	7000	700	0.008	0.004	0	0	0	0	0	0	0.617141	0.069561105630179	0.040921739314121	0.004	0	0
31Al	13	31	0	0	0	100	0	7998.3	2.2	1410.9	2.2	0	0	0	0	0.644	0.025	0.8	0.8	0	0	0	0	0.6732	0.020542845396877	0.02020886580192	0.025	0.8	0
32Al	13	32	0	0	0	100	0	12978.3	7.2	3778.3	7.2	0	0	0	0	0.0319	0.0008	0.7	0.5	0	0	0	0	0.667603	0.026349331548411	0.020795451378802	0.0008	0.5	0
33Al	13	33	0	0	0	100	0	12016.9	7	7509	7	0	0	0	0	0.0417	0.0002	8.5	0.7	0	0	0	0	0.65184	0.04548611294714	0.025431494805457	0.0002	0.7	0
34Al	13	34	0	0	0	100	0	16957	14	9442.7	3.1	4934.8	3.1	0	0	0.0563	0.0006	26	4	0	0	0	0	0.641116	0.047523021809544	0.029577485574511	0.0006	4	0
35Al	13	35	0	0	0	100	0	14168	37	11662	16	4148	7.4	0	0	0.0376	0.0014	38	2	0	0	0	0	0.629861	0.047146304493448	0.034825140349881	0.0014	2	0
36Al	13	36	0	0	0	100	0	18390	170	12270	150	9760	150	2250	150	0.094	0.037	15.5	15.5	0	0	0	0	0.625916	0.050486849576404	0.03662230357515	0.037	15.5	0
37Al	13	37	0	0	0	100	0	16380	210	14170	190	8060	180	5550	180	0.0107	0.0013	55	11	0	0	0	0	0.617289	0.069036143972335	0.040824794274667	0.0013	11	0
38Al	13	38	0	0	0	100	0	20380	390	14710	390	12500	380	6390	380	0.0082	0.0007	82	18	0	0	0	0	0.613425	0.073684062106825	0.04335544652708	0.0007	18	0
39Al	13	39	0	0	0	100	0	18330	420	16750	410	11080	420	8870	410	0.0076	0.0016	87	13	0	0	0	0	0.605811	0.089816991443429	0.045722295392389	0.0016	13	0
35Si	14	35	0	0	0	100	0	10466	36	2086	36	0	0	0	0	0.78	0.12	2.63	2.63	0	0	0	0	0.671425	0.021554704975074	0.020242094421341	0.12	2.63	0
36Si	14	36	0	0	0	100	0	7815	73	4350	72	0	0	0	0	0.45	0.06	12.4	4.6	0	0	0	0	0.664483	0.028979528076905	0.021224957845897	0.06	4.6	0
37Si	14	37	0	0	0	100	0	12420	120	5610	110	2140	110	0	0	0.094	0.062	17	13	0	0	0	0	0.659569	0.034745630807123	0.022155568784956	0.062	13	0
38Si	14	38	0	0	0	100	0	10450	130	6750	110	0	0	0	0	0.095	0.01	28	7	0	0	0	0	0.654511	0.039997373666391	0.024478023617296	0.01	7	0
39Si	14	39	0	0	0	100	0	15090	180	8870	150	5170	140	0	0	0.0475	0.002	60	13	0	0	0	0	0.644419	0.047898760305512	0.028196167963128	0.002	13	0
40Si	14	40	0	0	0	100	0	13540	380	10130	360	3910	350	210	350	0.033	0.001	59	12	0	0	0	0	0.637602	0.056162716319313	0.031785714957566	0.001	12	0
41Si	14	41	0	0	0	100	0	17100	570	12160	580	8750	570	2530	560	0.02	0.0025	80	20	0	0	0	0	0.626261	0.049997294377885	0.036512647399345	0.0025	20	0
42Si	14	42	0	0	0	100	0	15460	590	13380	510	8440	520	5030	510	0.0125	0.0035	0	0	0	0	0	0	0.620846	0.058685079714902	0.03897094564088	0.0035	0	0
36P	15	36	0	0	0	100	0	10413	13	524	13	0	0	0	0	5.7	0.4	0	0	0	0	0	0	0.673711	0.020215903649575	0.020230304900542	0.4	0	0
37P	15	37	0	0	0	100	0	7900	38	3597	38	0	0	0	0	2.31	0.12	0	0	0	0	0	0	0.668078	0.025830648804775	0.020686475694898	0.12	0	0
38P	15	38	0	0	0	100	0	12240	73	4204	73	0	0	0	0	0.61	0.14	12	5.3	0	0	0	0	0.665272	0.028369603356156	0.021108440955826	0.14	5.3	0
39P	15	39	0	0	0	100	0	10390	120	6020	110	0	0	0	0	0.204	0.045	26	8	0	0	0	0	0.657288	0.03715094829812	0.023181813657469	0.045	8	0
40P	15	40	0	0	0	100	0	14720	150	6980	160	2600	150	0	0	0.149	0.01	15.8	2.1	0	0	0	0	0.653672	0.041332237191151	0.024764157652252	0.01	2.1	0
41P	15	41	0	0	0	100	0	14030	120	9790	120	2040	130	0	0	0.101	0.005	30	10	0	0	0	0	0.63934	0.049022885441802	0.030683587991628	0.005	10	0
42P	15	42	0	0	0	100	0	18650	310	11950	310	7700	310	0	0	0.0485	0.0015	50	20	0	0	0	0	0.627157	0.048964122961451	0.03616372171644	0.0015	20	0
43P	15	43	0	0	0	100	0	16880	550	14250	550	7550	550	3300	550	0.0365	0.0015	95	5	0	0	0	0	0.616564	0.07159465724121	0.041300597798172	0.0015	5	0
44P	15	44	0	0	0	100	0	19660	500	14580	500	11950	500	5240	500	0.0185	0.0025	0	0	0	0	0	0	0.614199	0.072868143728525	0.042863548283371	0.0025	0	0
41S	16	41	0	0	0	100	0	8299	69	478	32	0	0	0	0	2.6	1.4	0	0	0	0	0	0	0.673028	0.020194703387413	0.020190885788038	1.4	0	0
42S	16	42	0	0	0	100	0	7194	60	1598	69	0	0	0	0	1.03	0.03	0.5	0.5	0	0	0	0	0.6732	0.020699342622412	0.020204557901622	0.03	0.5	0
43S	16	43	0	0	0	100	0	11964	62	4565	60	0	0	0	0	0.273	0.027	40	10	0	0	0	0	0.663564	0.030102940469104	0.021319776919246	0.027	10	0
44S	16	44	0	0	0	100	0	11180	140	6884	62	0	0	0	0	0.1	0.001	18	3	0	0	0	0	0.653942	0.040623186844801	0.024671394882082	0.001	3	0
45S	16	45	0	0	0	100	0	14300	1000	8300	1000	4000	1000	0	0	0.068	0.002	54	10	0	0	0	0	0.647652	0.046349047474502	0.026999913070112	0.002	10	0
46S	16	46	0	0	0	100	0	14200	540	10530	520	4580	520	290	500	0.05	0.008	0	0	0	0	0	0	0.635671	0.052439438013931	0.033018811050928	0.008	0	0
43Cl	17	43	0	0	0	100	0	7850	62	2192	62	0	0	0	0	3.175	0.09	0	0	0	0	0	0	0.671045	0.021511457733555	0.020266429108812	0.09	0	0
44Cl	17	44	0	0	0	100	0	12290	140	3550	140	0	0	0	0	0.65	0.05	4	4	0	0	0	0	0.668191	0.025711349482921	0.020662075700009	0.05	4	0
45Cl	17	45	0	0	0	100	0	11510	140	6340	140	0	0	0	0	0.4	0.043	24	4	0	0	0	0	0.655957	0.038331875146725	0.023847839907717	0.043	4	0
46Cl	17	46	0	0	0	100	0	15910	210	7840	210	2670	210	0	0	0.232	0.002	60	9	0	0	0	0	0.650448	0.047822274523841	0.025974156187133	0.002	9	0
47Cl	17	47	0	0	0	100	0	15590	400	11920	400	3850	400	0	0	0.101	0.006	1.5	1.5	0	0	0	0	0.627287	0.048866856726539	0.036099165064196	0.006	1.5	0
47Ar	18	47	0	0	0	100	0	10345.6	1.8	1976.3	1.3	0	0	0	0	1.23	0.03	0.1	0.1	0	0	0	0	0.672157	0.021299328871683	0.020210722361759	0.03	0.1	0
48Ar	18	48	0	0	0	100	0	10000	310	5360	310	0	0	0	0	0.424	0.024	38	6	0	0	0	0	0.661172	0.033953229908591	0.021540120083825	0.024	6	0
49Ar	18	49	0	0	0	100	0	12420	400	7020	400	2380	400	0	0	0.236	0.008	29	6	0	0	0	0	0.653558	0.0416337631908	0.024803651292251	0.008	6	0
50Ar	18	50	0	0	0	100	0	12400	500	8210	500	2810	500	0	0	0.106	0.006	37	7	0	0	0	0	0.648355	0.046364246509811	0.026739051767452	0.006	7	0
48K	19	48	0	0	0	100	0	11940.15	0.78	1988.6	2.4	0	0	0	0	6.83	0.02	1.14	0.15	0	0	0	0	0.67212	0.021311517190477	0.02021179828615	0.02	0.15	0
49K	19	49	0	0	0	100	0	11688.27	0.83	6541.82	0.81	0	0	0	0	1.263	0.05	86	9	0	0	0	0	0.655172	0.039385050649017	0.024257955470847	0.05	9	0
50K	19	50	0	0	0	100	0	13861.4	7.9	7500.6	7.7	2354.1	7.7	0	0	0.472	0.004	28.6	3	0	0	0	0	0.651744	0.04567095678199	0.025468325767164	0.004	3	0
51K	19	51	0	0	0	100	0	13816	13	9002	13	2641	13	0	0	0.365	0.005	65	8	0	0	0	0	0.643443	0.048100272908	0.02855122368348	0.005	8	0
52K	19	52	0	0	0	100	0	17129	34	11123	34	6309	34	0	0	0.11	0.005	72.2	9.3	2.3	0.3	0	0	0.633176	0.049501591957011	0.033485167436918	0.005	9.3	0.3
53K	19	53	0	0	0	100	0	17090	120	13900	110	7890	110	3080	110	0.03	0.005	75	10	5	5	0	0	0.618686	0.064354638760049	0.039930829629954	0.005	10	5
54K	19	54	0	0	0	100	0	20160	600	16310	600	13120	600	7120	600	0.01	0.005	0	0	0	0	0	0	0.606204	0.087191685593607	0.046555959979947	0.005	0	0
51Ca	20	51	0	0	0	100	0	6896	20	144	15	0	0	0	0	10	0.8	0	0	0	0	0	0	0.67318	0.02021298667095	0.02019588525319	0.8	0	0
52Ca	20	52	0	0	0	100	0	6177	82	891	20	0	0	0	0	4.6	0.3	1	1	0	0	0	0	0.67358	0.020229297955194	0.020249752980222	0.3	1	0
53Ca	20	53	0	0	0	100	0	9520	100	2984	93	0	0	0	0	0.461	0.09	40	10	0	0	0	0	0.669439	0.024019041243332	0.020432298897797	0.09	10	0
54Ca	20	54	0	0	0	100	0	8730	280	5670	110	0	0	0	0	0.107	0.014	0	0	0	0	0	0	0.659047	0.035392438152635	0.022376262811026	0.014	0	0
55Ca	20	55	0	0	0	100	0	11810	540	7470	410	4410	310	0	0	0.022	0.002	0	0	0	0	0	0	0.651838	0.04548969866266	0.025432727368877	0.002	0	0
56Ca	20	56	0	0	0	100	0	10950	710	8190	610	3850	480	790	410	0.011	0.002	0	0	0	0	0	0	0.648349	0.046358724575002	0.026741665752546	0.002	0	0
51Sc	21	51	0	0	0	100	0	6504	20	132	20	0	0	0	0	12.4	0.1	0	0	0	0	0	0	0.673158	0.020202447566263	0.020195152009024	0.1	0	0
52Sc	21	52	0	0	0	100	0	9027	82	1218	82	0	0	0	0	8.2	0.2	0	0	0	0	0	0	0.6732	0.020522291319441	0.020213837265596	0.2	0	0
53Sc	21	53	0	0	0	100	0	7920	140	2492	94	0	0	0	0	2.4	0.6	0	0	0	0	0	0	0.669585	0.021539015622876	0.020410239832067	0.6	0	0
54Sc	21	54	0	0	0	100	0	11730	280	4870	290	0	0	0	0	0.526	0.015	16	9	0	0	0	0	0.662997	0.032218445583363	0.021204158101846	0.015	9	0
55Sc	21	55	0	0	0	100	0	11510	480	7390	460	530	470	0	0	0.096	0.002	17	7	0	0	0	0	0.652104	0.044976490138009	0.02533116910319	0.002	7	0
56Sc	21	56	0	0	0	100	0	14470	600	8740	610	4630	590	0	0	0.031	0.005	0	0	0	0	0	0	0.64491	0.0479943757256	0.028019088248728	0.005	0	0
56Sc	21	56	1	0	0	100	0	14470	600	8740	610	4630	590	0	0	0.069	0.007	24	12	0	0	0	0	0.64491	0.0479943757256	0.028019088248728	0.007	12	0
57Sc	21	57	0	0	0	100	0	12900	1300	10300	1300	4500	1300	400	1300	0.022	0.002	0	0	0	0	0	0	0.636783	0.054233918300083	0.032304766384856	0.002	0	0
58Sc	21	58	0	0	0	100	0	16230	450	10970	480	8300	420	2580	430	0.012	0.005	0	0	0	0	0	0	0.634683	0.051182471027102	0.033459833464022	0.005	0	0
56Ti	22	56	0	0	0	100	0	6830	190	1750	150	0	0	0	0	0.2	0.005	0	0	0	0	0	0	0.6732	0.020928105145952	0.020201585111075	0.005	0	0
57Ti	22	57	0	0	0	100	0	10500	270	4170	310	0	0	0	0	0.098	0.005	0	0	0	0	0	0	0.665299	0.02834886077889	0.021104652673306	0.005	0	0
58Ti	22	58	0	0	0	100	0	9290	220	5230	220	0	0	0	0	0.058	0.009	0	0	0	0	0	0	0.661985	0.033939095600833	0.021265524733768	0.009	0	0
59Ti	22	59	0	0	0	100	0	12320	260	6820	220	2760	220	0	0	0.0285	0.0025	0	0	0	0	0	0	0.654104	0.040376220817883	0.024615968039758	0.0025	0	0
60Ti	22	60	0	0	0	100	0	10910	370	7430	340	1930	310	0	0	0.0222	0.002	0	0	0	0	0	0	0.651906	0.045358800309889	0.025406187800463	0.002	0	0
61Ti	22	61	0	0	0	100	0	14160	980	8820	460	5340	430	0	0	0.015	0.004	0	0	0	0	0	0	0.644452	0.047904649484926	0.028184474560893	0.004	0	0
56V	23	56	0	0	0	100	0	9130	180	880	180	0	0	0	0	0.216	0.004	0	0	0	0	0	0	0.67359	0.02022654860054	0.02025381680795	0.004	0	0
57V	23	57	0	0	0	100	0	8111	80	2800	80	0	0	0	0	0.347	0.01	0	0	0	0	0	0	0.669494	0.023271366750417	0.020423869134726	0.01	0	0
58V	23	58	0	0	0	100	0	11590	89	4052	89	0	0	0	0	0.19	0.01	0	0	0	0	0	0	0.666012	0.027750411703786	0.021005810499231	0.01	0	0
59V	23	59	0	0	0	100	0	10250	270	6090	160	0	0	0	0	0.092	0.009	6	3	0	0	0	0	0.656871	0.037367506748202	0.023385141448726	0.009	3	0
60V	23	60	0	0	0	100	0	13430	290	6770	310	2610	220	0	0	0.04	0.015	0	0	0	0	0	0	0.654316	0.040178473515931	0.024543985843184	0.015	0	0
60V	23	60	1	0	0	100	0	13430	290	6770	310	2610	220	0	0	0.122	0.018	0	0	0	0	0	0	0.654316	0.040178473515931	0.024543985843184	0.018	0	0
61V	23	61	0	0	0	100	0	11970	900	8090	910	1440	920	0	0	0.0483	0.001	20	10	0	0	0	0	0.648814	0.046825221728641	0.026570721008968	0.001	10	0
62V	23	62	0	0	0	100	0	15420	330	8930	320	5050	360	0	0	0.0335	0.002	0	0	0	0	0	0	0.643683	0.047883447171649	0.028464131253915	0.002	0	0
63V	23	63	0	0	0	100	0	14120	540	10930	430	4440	410	570	440	0.0196	0.001	67	33	0	0	0	0	0.63397	0.050568872844963	0.033471525418033	0.001	33	0
64V	23	64	0	0	0	100	0	17160	590	11620	540	8430	430	1940	410	0.015	0.002	0	0	0	0	0	0	0.629864	0.047148172908888	0.034823509209245	0.002	0	0
60Cr	24	60	0	0	0	100	0	6300	190	780	190	0	0	0	0	0.492	0.013	0	0	0	0	0	0	0.673735	0.02021912931366	0.020332838813174	0.013	0	0
61Cr	24	61	0	0	0	100	0	9270	100	2420	100	0	0	0	0	0.234	0.01	0	0	0	0	0	0	0.669641	0.021311643718702	0.020402922780644	0.01	0	0
62Cr	24	62	0	0	0	100	0	7630	150	2780	150	0	0	0	0	0.2	0.012	0	0	0	0	0	0	0.669495	0.02325827129265	0.02042371720629	0.012	0	0
63Cr	24	63	0	0	0	100	0	10880	360	4450	360	0	0	0	0	0.129	0.002	0	0	0	0	0	0	0.663735	0.029569398627678	0.021342512954254	0.002	0	0
64Cr	24	64	0	0	0	100	0	9510	440	5340	440	0	0	0	0	0.0429	0.001	0	0	0	0	0	0	0.661154	0.033953726077478	0.021546647988594	0.001	0	0
65Cr	24	65	0	0	0	100	0	12750	300	6700	300	2520	300	0	0	0.028	0.003	0	0	0	0	0	0	0.65454	0.039969925524574	0.02446857477337	0.003	0	0
66Cr	24	66	0	0	0	100	0	12030	400	8180	400	2130	400	0	0	0.023	0.004	0	0	0	0	0	0	0.648299	0.046308175412781	0.026759798841936	0.004	0	0
61Mn	25	61	0	0	0	100	0	7178.4	3.5	1599.6	4.1	0	0	0	0	0.709	0.008	0	0	0	0	0	0	0.6732	0.02072305846153	0.020204183749907	0.008	0	0
62Mn	25	62	0	0	0	100	0	10354.1	7.1	2325.2	7	0	0	0	0	0.092	0.013	0	0	0	0	0	0	0.670207	0.021391093580369	0.020339086546945	0.013	0	0
62Mn	25	62	1	0	0	100	0	10354.1	7.1	2325.2	7	0	0	0	0	0.671	0.005	0	0	0	0	0	0	0.670207	0.021391093580369	0.020339086546945	0.005	0	0
63Mn	25	63	0	0	0	100	0	8748.6	5.7	3919.7	4.7	0	0	0	0	0.276	0.006	0	0	0	0	0	0	0.666634	0.027201482403729	0.020925036128055	0.006	0	0
64Mn	25	64	0	0	0	100	0	11980.5	6.1	4575.3	5.6	0	0	0	0	0.09	0.004	2.7	0.6	0	0	0	0	0.663479	0.030420617516693	0.021302395290129	0.004	0.6	0
65Mn	25	65	0	0	0	100	0	10250.6	6.3	5930.9	6.3	0	0	0	0	0.0919	0.0009	7.9	1.2	0	0	0	0	0.657463	0.037059714809104	0.023098404224797	0.0009	1.2	0
66Mn	25	66	0	0	0	100	0	13317	12	6396	12	2077	12	0	0	0.0639	0.0011	5	1.4	0	0	0	0	0.655663	0.038728898985281	0.024001605959021	0.0011	1.4	0
67Mn	25	67	0	0	0	100	0	12150	400	8540	300	1620	300	0	0	0.047	0.004	0	0	0	0	0	0	0.646002	0.047969168489808	0.02762401040044	0.004	0	0
68Mn	25	68	0	0	0	100	0	15110	540	9160	480	5550	400	0	0	0.0352	0.002	15	9	0	0	0	0	0.642321	0.049115886679738	0.02896628677164	0.002	9	0
69Mn	25	69	0	0	0	100	0	14260	570	10650	540	4700	480	1080	400	0.0258	0.0028	40	20	0	0	0	0	0.634813	0.051295325629848	0.03345711963801	0.0028	20	0
70Mn	25	70	0	0	0	100	0	17010	640	11460	640	7840	620	1900	570	0.0199	0.0017	50	20	0	0	0	0	0.630838	0.047683447998437	0.034347175910395	0.0017	20	0
65Fe	26	65	0	0	0	100	0	7967.3	5.5	503	21	0	0	0	0	0.805	0.01	0	0	0	0	0	0	0.673541	0.020207482668875	0.020216617788663	0.01	0	0
65Fe	26	65	1	402	5	100	0	7967.3	5.5	503	21	0	0	0	0	1.12	0.15	0	0	0	0	0	0	0.673541	0.020207482668875	0.020216617788663	0.15	0	0
66Fe	26	66	0	0	0	100	0	6341	15	1046	4.6	0	0	0	0	0.429	0.028	0	0	0	0	0	0	0.673339	0.020370401371326	0.020200384081222	0.028	0	0
67Fe	26	67	0	0	0	100	0	9710	270	2730	270	0	0	0	0	0.395	0.009	0	0	0	0	0	0	0.669509	0.022985235412606	0.020421595235752	0.009	0	0
68Fe	26	68	0	0	0	100	0	8440	410	3760	370	0	0	0	0	0.188	0.006	0	0	0	0	0	0	0.667523	0.026438047979685	0.020814816573203	0.006	0	0
69Fe	26	69	0	0	0	100	0	11250	420	4830	440	150	400	0	0	0.162	0.007	0	0	0	0	0	0	0.663026	0.032121525695527	0.021209830221112	0.007	0	0
70Fe	26	70	0	0	0	100	0	10120	500	5700	420	0	0	0	0	0.0614	0.0007	0	0	0	0	0	0	0.658668	0.035865358520467	0.02254240408212	0.0007	0	0
71Fe	26	71	0	0	0	100	0	12940	610	7130	500	2710	420	0	0	0.035	0.007	0	0	0	0	0	0	0.652953	0.043232446821665	0.025015279774332	0.007	0	0
72Fe	26	72	0	0	0	100	0	11770	640	7870	680	2060	580	0	0	0.019	0.004	0	0	0	0	0	0	0.650216	0.048194976947711	0.02606620152593	0.004	0	0
73Fe	26	73	0	0	0	100	0	14520	640	9230	640	5330	680	0	0	0.0129	0.0016	0	0	0	0	0	0	0.641883	0.049514877523024	0.02912972461456	0.0016	0	0
74Fe	26	74	0	0	0	100	0	13230	780	9760	720	4470	720	570	760	0.00595	0.00485	0	0	0	0	0	0	0.639107	0.050755709104534	0.030830905236533	0.00485	0	0
66Co	27	66	0	0	0	100	0	9598	14	646	14	0	0	0	0	0.209	0.019	0	0	0	0	0	0	0.673933	0.020231273035578	0.020296985998914	0.019	0	0
67Co	27	67	0	0	0	100	0	8420.9	7.1	2613.2	6.6	0	0	0	0	0.329	0.028	0	0	0	0	0	0	0.669545	0.022261694911271	0.020416181849761	0.028	0	0
67Co	27	67	1	0	0	100	0	8420.9	7.1	2613.2	6.6	0	0	0	0	0.496	0.033	0	0	0	0	0	0	0.669545	0.022261694911271	0.020416181849761	0.033	0	0
68Co	27	68	0	0	0	100	0	11530	190	3740	190	0	0	0	0	0.199	0.03	0	0	0	0	0	0	0.66758	0.026374166750061	0.020800989177441	0.03	0	0
68Co	27	68	1	0	0	100	0	11530	190	3740	190	0	0	0	0	1.6	0.3	6	3	0	0	0	0	0.66758	0.026374166750061	0.020800989177441	0.3	3	0
69Co	27	69	0	0	0	100	0	9700	140	5110	140	0	0	0	0	0.203	0.017	0	0	0	0	0	0	0.662516	0.033875497475763	0.021108253580777	0.017	0	0
69Co	27	69	1	0	0	100	0	9700	140	5110	140	0	0	0	0	0.75	0.25	0	0	0	0	0	0	0.662516	0.033875497475763	0.021108253580777	0.25	0	0
70Co	27	70	0	0	0	100	0	12580	300	5280	300	690	300	0	0	0.113	0.007	3	1.5	0	0	0	0	0.661416	0.033949392064519	0.021454827255198	0.007	1.5	0
70Co	27	70	1	0	0	100	0	12580	300	5280	300	690	300	0	0	0.508	0.007	3	1.5	0	0	0	0	0.661416	0.033949392064519	0.021454827255198	0.007	1.5	0
71Co	27	71	0	0	0	100	0	11040	470	6770	470	0	0	0	0	0.08	0.003	16	8	0	0	0	0	0.654284	0.040209419871349	0.024554629021641	0.003	8	0
72Co	27	72	0	0	0	100	0	14030	400	7140	400	2870	400	0	0	0.0515	0.0003	6	3	0.7	0.3	0	0	0.652968	0.043192540017017	0.025010035768099	0.0003	3	0.3
72Co	27	72	1	0	0	100	0	14030	400	7140	400	2870	400	0	0	0.0478	0.0005	6	3	0.7	0.3	0	0	0.652968	0.043192540017017	0.025010035768099	0.0005	3	0.3
73Co	27	73	0	0	0	100	0	12690	400	8740	400	1850	400	0	0	0.0407	0.0013	18	9	4	2	0	0	0.644687	0.047950498685333	0.028099228657956	0.0013	9	2
74Co	27	74	0	0	0	100	0	15640	540	9220	500	5260	500	0	0	0.0314	0.0015	18	15	2.5	1.3	0	0	0.641829	0.049564001651571	0.029149669701678	0.0015	15	1.3
75Co	27	75	0	0	0	100	0	14380	580	10740	540	4320	500	360	500	0.0265	0.0012	8	8	0	0	0	0	0.634366	0.050909843456452	0.033464292548333	0.0012	8	0
76Co	27	76	0	0	0	100	0	17120	720	11450	670	7800	630	1380	600	0.0225	0.0057	0	0	0	0	0	0	0.630665	0.047587779240079	0.034431995759794	0.0057	0	0
76Co	27	76	1	0	0	100	0	17120	720	11450	670	7800	630	1380	600	0.016	0.004	0	0	0	0	0	0	0.630665	0.047587779240079	0.034431995759794	0.004	0	0
77Co	27	77	0	0	0	100	0	15790	780	12550	720	6870	670	3230	630	0.01445	0.00575	0	0	0	0	0	0	0.624613	0.052441106975274	0.037035257320452	0.00575	0	0
72Ni	28	72	0	0	0	100	0	5556.9	2.6	413.8	2.7	0	0	0	0	1.587	0.093	0	0	0	0	0	0	0.672179	0.020215304777245	0.020195896792094	0.093	0	0
73Ni	28	73	0	0	0	100	0	8879.3	3.1	1603.5	2.8	0	0	0	0	0.842	0.03	0	0	0	0	0	0	0.6732	0.020738175835883	0.020203957656855	0.03	0	0
74Ni	28	74	0	0	0	100	0	7550	200	2460	200	0	0	0	0	0.5077	0.0046	0	0	0	0	0	0	0.669589	0.021479071465706	0.020409649850718	0.0046	0	0
75Ni	28	75	0	0	0	100	0	10440	300	3910	300	0	0	0	0	0.3318	0.0032	10	2.8	0	0	0	0	0.666586	0.027243847192649	0.020931028805494	0.0032	2.8	0
76Ni	28	76	0	0	0	100	0	9350	400	4770	400	0	0	0	0	0.2347	0.0027	14	3.6	0	0	0	0	0.663109	0.031836503063196	0.02122643180784	0.0027	3.6	0
77Ni	28	77	0	0	0	100	0	11820	520	6110	500	1530	500	0	0	0.15865	0.00415	30	24	0	0	0	0	0.656692	0.037459038222806	0.023473689815996	0.00415	24	0
78Ni	28	78	0	0	0	100	0	10610	780	6660	620	940	600	0	0	0.1222	0.0051	0	0	0	0	0	0	0.654615	0.039900501342746	0.024443560182643	0.0051	0	0
79Ni	28	79	0	0	0	100	0	14170	670	8860	780	4910	620	0	0	0.04355	0.00805	0	0	0	0	0	0	0.643776	0.047798572294143	0.028430046664724	0.00805	0	0
80Ni	28	80	0	0	0	100	0	13570	810	11040	760	5720	860	1780	720	0.0285	0.0215	0	0	0	0	0	0	0.634355	0.050900445188844	0.033464927437879	0.0215	0	0
73Cu	29	73	0	0	0	100	0	6606	2.7	1086.7	2.9	0	0	0	0	4.2	0.15	0.029	0.006	0	0	0	0	0.673276	0.020430257339505	0.020203494647174	0.15	0.006	0
74Cu	29	74	0	0	0	100	0	9750.5	6.6	1515.9	6.4	0	0	0	0	1.598	0.014	0.075	0.016	0	0	0	0	0.6732	0.020634226808873	0.020205637629137	0.014	0.016	0
75Cu	29	75	0	0	0	100	0	8087.6	3	3214.1	3.4	0	0	0	0	1.224	0.003	2.7	0.6	0	0	0	0	0.669049	0.024899480576127	0.020496212063718	0.003	0.6	0
76Cu	29	76	0	0	0	100	0	11327	6.9	3511.6	7	0	0	0	0	0.637	0.008	7.2	0.5	0	0	0	0	0.668216	0.0256831537275	0.020656757160561	0.008	0.5	0
77Cu	29	77	0	0	0	100	0	10170	150	5610	150	0	0	0	0	0.4698	0.002	30.1	2	0	0	0	0	0.659168	0.035240357092425	0.022324466555813	0.002	2	0
78Cu	29	78	0	0	0	100	0	12990	500	6220	500	1660	500	0	0	0.3317	0.002	51	10	0	0	0	0	0.656248	0.037938110044566	0.023698054239823	0.002	10	0
79Cu	29	79	0	0	0	100	0	11690	300	7670	300	910	300	0	0	0.2413	0.0021	66	12	0	0	0	0	0.65085	0.047179039320974	0.025815686980013	0.0021	12	0
80Cu	29	80	0	0	0	100	0	15450	400	9160	400	5140	400	0	0	0.1133	0.0064	58	9	0	0	0	0	0.64212	0.049298477927417	0.029040766328732	0.0064	9	0
81Cu	29	81	0	0	0	100	0	14780	500	12160	500	5870	500	1850	500	0.0732	0.0068	80	20	0	0	0	0	0.62606	0.050283384405189	0.036576454273754	0.0068	20	0
82Cu	29	82	0	0	0	100	0	16990	600	12810	600	10190	600	3900	600	0.03275	0.00695	0	0	0	0	0	0	0.623496	0.054487205028469	0.037609292998066	0.00695	0	0
78Zn	30	78	0	0	0	100	0	6222.7	2.7	437.8	3.1	0	0	0	0	1.47	0.15	0	0	0	0	0	0	0.672575	0.020199227251618	0.02018781381335	0.15	0	0
79Zn	30	79	0	0	0	100	0	9115.4	2.9	2202.3	2.9	0	0	0	0	0.746	0.042	1.75	0.45	0	0	0	0	0.670823	0.021479599893762	0.020283097583853	0.042	0.45	0
80Zn	30	80	0	0	0	100	0	7575.1	3.9	2827.8	3.2	0	0	0	0	0.5619	0.003	1.36	0.12	0	0	0	0	0.669477	0.023504024956932	0.02042645924227	0.003	0.12	0
81Zn	30	81	0	0	0	100	0	11428.3	6	4952.7	5.8	205.4	5.4	0	0	0.3035	0.0031	9.8	3	0	0	0	0	0.66276	0.033026585909537	0.021156868786283	0.0031	3	0
82Zn	30	82	0	0	0	100	0	10616.8	3.9	7242.7	4.5	767.1	4.2	0	0	0.1779	0.0025	69	7	0	0	0	0	0.652361	0.044482584264956	0.025233914240341	0.0025	7	0
83Zn	30	83	0	0	0	100	0	12970	300	8570	300	5200	300	0	0	0.0997	0.003	71	29	0	0	0	0	0.645781	0.048164167240438	0.027708588740044	0.003	29	0
84Zn	30	84	0	0	0	100	0	12160	450	9260	400	4860	400	1480	400	0.0536	0.0081	73	26	0	0	0	0	0.641741	0.049412816393856	0.029196009333005	0.0081	26	0
79Ga	31	79	0	0	0	100	0	6979	37	1243	4	0	0	0	0	2.852	0.01	0.084	0.029	0	0	0	0	0.6732	0.020527282942465	0.020212558967137	0.01	0.029	0
80Ga	31	80	0	0	0	100	0	10311.6	3.5	2232	37	0	0	0	0	1.9	0.1	0.45	0.07	0	0	0	0	0.670621	0.021450241795302	0.020299929115071	0.1	0.07	0
80Ga	31	80	1	22.4	0	100	0	10311.6	3.5	2232	37	0	0	0	0	1.3	0.2	0.45	0.07	0	0	0	0	0.670621	0.021450241795302	0.020299929115071	0.2	0.07	0
81Ga	31	81	0	0	0	100	0	8663.7	3.9	3836	3.9	0	0	0	0	1.217	0.004	12.5	0.8	0	0	0	0	0.667074	0.026822910903338	0.020870618709765	0.004	0.8	0
82Ga	31	82	0	0	0	100	0	12484.3	3.3	5289.6	3.2	462	3.2	0	0	0.601	0.002	22.7	2	0	0	0	0	0.661289	0.033952034348017	0.021499163992325	0.002	2	0
83Ga	31	83	0	0	0	100	0	11719.3	3.6	8086.6	3.4	891.9	3.3	0	0	0.31	0.001	67	6	0	0	0	0	0.64859	0.046600605417634	0.026653110780733	0.001	6	0
84Ga	31	84	0	0	0	100	0	14060	200	8820	200	5180	200	0	0	0.0952	0.0025	46	5	1.6	0.2	0	0	0.644088	0.047834370285074	0.028316303034994	0.0025	5	0.2
85Ga	31	85	0	0	0	100	0	13270	300	10230	300	4980	300	1350	300	0.0919	0.0012	80	10	1.3	0.2	0	0	0.63661	0.053827979145515	0.032415519846055	0.0012	10	0.2
86Ga	31	86	0	0	0	100	0	15320	590	10970	400	7930	400	2680	400	0.0492	0.002	69	8	16.2	1.1	0	0	0.633517	0.050004568934849	0.033479445251678	0.002	8	1.1
87Ga	31	87	0	0	0	100	0	14830	580	12080	670	7730	500	4680	500	0.029	0.004	81	12	10.2	2.8	0	0	0.626149	0.050155471667415	0.036548655477061	0.004	12	2.8
83Ge	32	83	0	0	0	100	0	8692.9	3.7	1057.7	4.4	0	0	0	0	1.85	0.06	0	0	0	0	0	0	0.673309	0.020397526260135	0.020201021373507	0.06	0	0
84Ge	32	84	0	0	0	100	0	7705.1	4.5	3449.6	4.2	0	0	0	0	0.952	0.011	10.6	0.6	0	0	0	0	0.66834	0.025553463249431	0.020630805123407	0.011	0.6	0
85Ge	32	85	0	0	0	100	0	10065.7	4.8	4658.8	4.9	403.3	4.7	0	0	0.497	0.006	16.2	1.8	0	0	0	0	0.6633	0.031099520912709	0.021265469686795	0.006	1.8	0
86Ge	32	86	0	0	0	100	0	9560	440	5720	440	310	440	0	0	0.222	0.022	45	15	0	0	0	0	0.658347	0.036268364398855	0.022686808152936	0.022	15	0
87Ge	32	87	0	0	0	100	0	11540	300	6810	300	2970	300	0	0	0.1032	0.0035	0	0	0	0	0	0	0.654036	0.040439045245485	0.024639119086656	0.0035	0	0
88Ge	32	88	0	0	0	100	0	10580	450	7410	400	2680	400	0	0	0.0608	0.0061	0	0	0	0	0	0	0.651839	0.045488808675639	0.025432111074956	0.0061	0	0
84As	33	84	0	0	0	100	0	10094.2	3.7	1415.7	4.4	0	0	0	0	4.03	0.06	0.281	0.038	0	0	0	0	0.6732	0.020547250545998	0.020207920526368	0.06	0.038	0
85As	33	85	0	0	0	100	0	9224.5	4	4687.3	3.6	0	0	0	0	2.023	0.007	62.5	1	0	0	0	0	0.663227	0.031377184261436	0.021250749261523	0.007	1	0
86As	33	86	0	0	0	100	0	11541	4.3	5380.2	4.3	842.9	4	0	0	0.944	0.01	35.4	0.6	0	0	0	0	0.660617	0.033963805184639	0.021742417129199	0.01	0.6	0
87As	33	87	0	0	0	100	0	10808.2	3.7	6813.9	3.9	653.1	4	0	0	0.484	0.035	15.4	2.2	0	0	0	0	0.653951	0.040601427664072	0.024668578077403	0.035	2.2	0
88As	33	88	0	0	0	100	0	13160	200	7640	200	3640	200	0	0	0.255	0.145	0	0	0	0	0	0	0.650872	0.047145632547942	0.025806376214912	0.145	0	0
86Se	34	86	0	0	0	100	0	5129.1	4	1	4	0	0	0	0	14.1	0.2	0	0	0	0	0	0	0.675081	0.020254833124588	0.020260762125471	0.2	0	0
87Se	34	87	0	0	0	100	0	7465.6	3.9	1134.8	3.8	0	0	0	0	5.65	0.12	0.6	0.12	0	0	0	0	0.6732	0.020515048915369	0.020215865848388	0.12	0.12	0
88Se	34	88	0	0	0	100	0	6831.8	4.6	1936.2	4.6	0	0	0	0	1.51	0.06	0.99	0.1	0	0	0	0	0.672215	0.02128045419164	0.020209083343945	0.06	0.1	0
89Se	34	89	0	0	0	100	0	9281.9	5	3652.3	4.9	0	0	0	0	0.44	0.06	7.8	2.5	0	0	0	0	0.667771	0.026164387965265	0.020755730259302	0.06	2.5	0
90Se	34	90	0	0	0	100	0	8200	330	4400	330	0	0	0	0	0.21	0.08	0	0	0	0	0	0	0.663832	0.029493824045071	0.021326568683255	0.08	0	0
91Se	34	91	0	0	0	100	0	10530	430	5350	430	1550	430	0	0	0.27	0.05	21	10	0	0	0	0	0.660757	0.033961384066968	0.021690271015921	0.05	10	0
87Br	35	87	0	0	0	100	0	6817.8	3.2	1302.7	3.2	0	0	0	0	55.64	0.15	2.53	0.1	0	0	0	0	0.6732	0.020534297163526	0.020210826108796	0.15	0.1	0
88Br	35	88	0	0	0	100	0	8975.3	4.1	1922.3	3.2	0	0	0	0	16.29	0.08	6.72	0.27	0	0	0	0	0.672267	0.021263168234299	0.020207706039036	0.08	0.27	0
89Br	35	89	0	0	0	100	0	8261.5	3.9	3345.7	4.2	0	0	0	0	4.338	0.022	13.7	0.6	0	0	0	0	0.668641	0.025264037468166	0.020570784846303	0.022	0.6	0
90Br	35	90	0	0	0	100	0	10959	3.8	4464.2	4	0	0	0	0	1.911	0.01	25.6	1.5	0	0	0	0	0.663597	0.029977782599253	0.021326792575727	0.01	1.5	0
91Br	35	91	0	0	0	100	0	9866.7	4.2	5780.6	4	0	0	0	0	0.544	0.01	29.8	0.8	0	0	0	0	0.657863	0.036853038993984	0.022910736568083	0.01	0.8	0
92Br	35	92	0	0	0	100	0	12536.5	7.2	6669.8	7.1	2583.8	7	0	0	0.334	0.014	33.1	2.5	0	0	0	0	0.654461	0.040043692143319	0.02449534424067	0.014	2.5	0
93Br	35	93	0	0	0	100	0	11250	430	7810	430	1940	430	0	0	0.152	0.008	64	7	0	0	0	0	0.650201	0.048219485795277	0.026071835519597	0.008	7	0
94Br	35	94	0	0	0	100	0	13950	300	8670	300	5230	300	0	0	0.07	0.02	30	10	0	0	0	0	0.644835	0.047979741646892	0.028046482997027	0.02	10	0
91Kr	36	91	0	0	0	100	0	6771.1	8.1	319.1	6.9	0	0	0	0	8.57	0.04	0	0	0	0	0	0	0.672029	0.020247409196164	0.02019519765085	0.04	0	0
92Kr	36	92	0	0	0	100	0	6003.1	6.7	904.4	8.3	0	0	0	0	1.841	0.008	0.0332	0.0026	0	0	0	0	0.673532	0.020246398704994	0.020232144239344	0.008	0.0026	0
93Kr	36	93	0	0	0	100	0	8483.9	8.2	2565.1	6.6	0	0	0	0	1.284	0.012	1.99	0.2	0	0	0	0	0.66955	0.022155615162979	0.020415434902299	0.012	0.2	0
94Kr	36	94	0	0	0	100	0	7215	12	3201	14	0	0	0	0	0.211	0.005	1.11	0.07	0	0	0	0	0.669011	0.024933523263047	0.02050282583716	0.005	0.07	0
95Kr	36	95	0	0	0	100	0	9733	28	4333	19	318	20	0	0	0.114	0.003	2.87	0.18	0	0	0	0	0.664149	0.029242361751078	0.021276649190625	0.003	0.18	0
96Kr	36	96	0	0	0	100	0	8275	21	4741	29	0	0	0	0	0.08	0.007	3.7	0.4	0	0	0	0	0.663116	0.031809316049082	0.021228024178204	0.007	0.4	0
97Kr	36	97	0	0	0	100	0	11100	130	5860	130	2330	130	0	0	0.0621	0.004	6.7	0.6	0	0	0	0	0.657541	0.037019487111694	0.023061462789964	0.004	0.6	0
98Kr	36	98	0	0	0	100	0	10060	300	6140	300	900	300	0	0	0.043	0.004	7	1	0	0	0	0	0.656408	0.037722870267486	0.023616682349932	0.004	1	0
99Kr	36	99	0	0	0	100	0	12360	400	7540	400	3620	400	0	0	0.037	0.011	11	7	0	0	0	0	0.651207	0.04661074191819	0.025675911321005	0.011	7	0
100Kr	36	100	0	0	0	100	0	11200	400	8000	400	3170	400	0	0	0.011	0.007	0	0	0	0	0	0	0.648857	0.046868508519091	0.026555335335938	0.007	0	0
91Rb	37	91	0	0	0	100	0	5906.9	8.9	131.8	8.1	0	0	0	0	57.9	0.2	0	0	0	0	0	0	0.673159	0.020202869087159	0.020195182008412	0.2	0	0
92Rb	37	92	0	0	0	100	0	8094.9	6.4	808.2	7.6	0	0	0	0	4.5	0.02	0.0109	0.0007	0	0	0	0	0.673677	0.020215938249216	0.020296730556819	0.02	0.0007	0
93Rb	37	93	0	0	0	100	0	7465.9	8.9	2176.1	8.6	0	0	0	0	5.85	0.03	1.6	0.1	0	0	0	0	0.67083	0.021480495804567	0.02028255841875	0.03	0.1	0
94Rb	37	94	0	0	0	100	0	10282.9	2.6	3451.7	7.8	0	0	0	0	2.704	0.015	10.39	0.22	0	0	0	0	0.668289	0.025606292386226	0.020641392631528	0.015	0.22	0
95Rb	37	95	0	0	0	100	0	9228	20	4883	20	0	0	0	0	0.378	0.002	8.8	0.4	0	0	0	0	0.662856	0.032697129752662	0.021176026777051	0.002	0.4	0
96Rb	37	96	0	0	0	100	0	11569.8	9.1	5693.9	6.7	1348.7	3.7	0	0	0.2016	0.001	14.1	0.8	0	0	0	0	0.658386	0.036220370421855	0.02266915387694	0.001	0.8	0
97Rb	37	97	0	0	0	100	0	10062.3	3.9	6333.7	8.7	457.8	6.1	0	0	0.169	0.001	24.9	1.5	0	0	0	0	0.655618	0.038791116131553	0.024025167527649	0.001	1.5	0
98Rb	37	98	0	0	0	100	0	12054	16	6141	16	2412	18	0	0	0.115	0.006	7.15	0.9	0.027	0.007	0	0	0.656405	0.037727941006932	0.023618263518356	0.006	0.9	0.007
98Rb	37	98	1	270	0	100	0	12054	16	6141	16	2412	18	0	0	0.096	0.003	7.15	0.9	0.027	0.007	0	0	0.656405	0.037727941006932	0.023618263518356	0.003	0.9	0.007
99Rb	37	99	0	0	0	100	0	11400.3	6.2	7230.6	5.2	1317.7	5.3	0	0	0.0578	0.0009	19.1	2.3	0	0	0	0	0.652343	0.04451827093098	0.025240440778324	0.0009	2.3	0
100Rb	37	100	0	0	0	100	0	13574	21	8203	20	4033	20	0	0	0.051	0.002	5.6	1.2	0.15	0.05	0	0	0.647604	0.046395660042017	0.02701763260788	0.002	1.2	0.05
101Rb	37	101	0	0	0	100	0	12480	200	8910	200	3530	200	0	0	0.0315	0.0045	28	5	0	0	0	0	0.643264	0.048261215705019	0.028617671818763	0.0045	5	0
102Rb	37	102	0	0	0	100	0	14450	310	9550	300	5970	300	600	300	0.037	0.005	18	8	0	0	0	0	0.639779	0.04579790580318	0.030407079898552	0.005	8	0
103Rb	37	103	0	0	0	100	0	13810	450	10480	410	5570	400	2000	400	0.025	0.011	0	0	0	0	0	0	0.635083	0.051577924301004	0.033400102757329	0.011	0	0
96Sr	38	96	0	0	0	100	0	5411.7	9.7	213	11	0	0	0	0	1.069	0.013	0	0	0	0	0	0	0.673209	0.020204567872461	0.020196522545055	0.013	0	0
97Sr	38	97	0	0	0	100	0	7540	7.5	1683.1	7	0	0	0	0	0.429	0.005	0.03	0.02	0	0	0	0	0.6732	0.020877574020944	0.020202138995661	0.005	0.02	0
98Sr	38	98	0	0	0	100	0	5871.7	8.6	1627	7.5	0	0	0	0	0.653	0.002	0.23	0.03	0	0	0	0	0.6732	0.020796153875176	0.020203164603596	0.002	0.03	0
99Sr	38	99	0	0	0	100	0	8128.4	8.1	1702.1	9.2	0	0	0	0	0.269	0.002	0.096	0.016	0	0	0	0	0.6732	0.020905463783423	0.020201846747266	0.002	0.016	0
100Sr	38	100	0	0	0	100	0	7506	13	2757.6	9.8	0	0	0	0	0.2007	0.0013	1.11	0.21	0	0	0	0	0.669494	0.02327540844824	0.020423869134726	0.0013	0.21	0
101Sr	38	101	0	0	0	100	0	9736	11	3931	14	0	0	0	0	0.115	0.001	2.52	0.25	0	0	0	0	0.666421	0.027388750506675	0.020952161662151	0.001	0.25	0
102Sr	38	102	0	0	0	100	0	9014	67	4830	67	0	0	0	0	0.072	0.008	5.5	2	0	0	0	0	0.662926	0.032461579279641	0.021189363778283	0.008	2	0
103Sr	38	103	0	0	0	100	0	11040	200	5680	200	1500	200	0	0	0.053	0.01	0	0	0	0	0	0	0.658365	0.036245177705489	0.022678426993566	0.01	0	0
104Sr	38	104	0	0	0	100	0	9960	500	6280	300	920	300	0	0	0.053	0.005	0	0	0	0	0	0	0.655795	0.038551028297861	0.023932310854209	0.005	0	0
105Sr	38	105	0	0	0	100	0	12700	1400	7380	640	3700	500	0	0	0.039	0.005	0	0	0	0	0	0	0.651785	0.0455919720302	0.025452617814333	0.005	0	0
106Sr	38	106	0	0	0	100	0	11260	780	8400	1500	3130	720	-550	600	0.0205	0.0075	0	0	0	0	0	0	0.64636	0.047616134299626	0.02748729613185	0.0075	0	0
97Y	39	97	0	0	0	100	0	6821.2	6.7	1246.1	6.7	0	0	0	0	3.74	0.05	0.058	0.01	0	0	0	0	0.6732	0.020528536625878	0.020212236788639	0.05	0.01	0
97Y	39	97	1	667.52	0.23	99.3	0	6821.2	6.7	1246.1	6.7	0	0	0	0	1.17	0.03	0.04	0.04	0	0	0	0	0.6732	0.020528536625878	0.020212236788639	0.03	0.04	0
97Y	39	97	2	3522.6	0.4	5.2	0.9	6821.2	6.7	1246.1	6.7	0	0	0	0	0.138	0.015	0	0	0	0	0	0	0.6732	0.020528536625878	0.020212236788639	0.015	0	0
98Y	39	98	0	0	0	100	0	8992	12	2576.6	7.9	0	0	0	0	0.548	0.002	0.33	0.03	0	0	0	0	0.669546	0.022236777228376	0.020416032364404	0.002	0.03	0
98Y	39	98	1	0	0	100	0	8992	12	2576.6	7.9	0	0	0	0	2.32	0.08	3.44	0.95	0	0	0	0	0.669546	0.022236777228376	0.020416032364404	0.08	0.95	0
99Y	39	99	0	0	0	100	0	6971	12	2566	11	0	0	0	0	1.478	0.007	1.97	0.3	0	0	0	0	0.669549	0.022172496432763	0.020415584195925	0.007	0.3	0
100Y	39	100	0	0	0	100	0	9050	14	2222	15	0	0	0	0	0.732	0.005	0.51	0.06	0	0	0	0	0.670587	0.021445472088814	0.020302805917215	0.005	0.06	0
100Y	39	100	1	145	15	100	0	9050	14	2222	15	0	0	0	0	0.94	0.03	0.51	0.06	0	0	0	0	0.670587	0.021445472088814	0.020302805917215	0.03	0.06	0
101Y	39	101	0	0	0	100	0	8105	11	3245	11	0	0	0	0	0.432	0.012	1.98	0.2	0	0	0	0	0.66888	0.025048961215188	0.02052614939437	0.012	0.2	0
102Y	39	102	1	0	0	100	0	10414.5	9.7	3921.5	9.3	0	0	0	0	0.396	0.036	6	1.7	0	0	0	0	0.6664	0.027406068306125	0.02095485397229	0.036	1.7	0
102Y	39	102	0	0	0	100	0	10414.5	9.7	3921.5	9.3	0	0	0	0	0.3	0.01	4	1.5	0	0	0	0	0.6664	0.027406068306125	0.02095485397229	0.01	1.5	0
103Y	39	103	0	0	0	100	0	9358	15	5059	14	0	0	0	0	0.236	0.016	8.1	2	0	0	0	0	0.662537	0.033802219301876	0.021112216196603	0.016	2	0
104Y	39	104	0	0	0	100	0	11660	400	5680	400	1380	400	0	0	0.212	0.02	34	10	0	0	0	0	0.658364	0.036248515360583	0.022678892319653	0.02	10	0
105Y	39	105	0	0	0	100	0	10200	1300	6400	1300	400	1300	0	0	0.1055	0.0075	41	41	0	0	0	0	0.655304	0.039216444104156	0.024192788164542	0.0075	41	0
106Y	39	106	0	0	0	100	0	12500	660	7340	500	3530	500	0	0	0.0845	0.0075	0	0	0	0	0	0	0.651888	0.045394661845746	0.025413433634391	0.0075	0	0
107Y	39	107	0	0	0	100	0	12000	1200	8110	660	2960	500	0	0	0.0335	0.003	0	0	0	0	0	0	0.648049	0.046057396417524	0.026852099354816	0.003	0	0
108Y	39	108	0	0	0	100	0	14060	720	9000	1300	5110	740	-50	600	0.03	0.005	0	0	0	0	0	0	0.642659	0.048810089246517	0.028840407976534	0.005	0	0
109Y	39	109	0	0	0	100	0	12990	860	10080	810	5000	1300	1140	820	0.025	0.005	0	0	0	0	0	0	0.637033	0.05482098013334	0.032145746884776	0.005	0	0
103Zr	40	103	0	0	0	100	0	7213	10	417.9	9.6	0	0	0	0	1.38	0.072	0.5	0.5	0	0	0	0	0.672314	0.020208551460617	0.020193360100201	0.072	0.5	0
104Zr	40	104	0	0	0	100	0	6095	9.7	1233	10	0	0	0	0	0.92	0.028	0.5	0.5	0	0	0	0	0.6732	0.020527282942465	0.020212558967137	0.028	0.5	0
105Zr	40	105	0	0	0	100	0	8451	13	2283	12	0	0	0	0	0.666	0.028	1	1	0	0	0	0	0.670231	0.02139450242527	0.020336640283609	0.028	1	0
106Zr	40	106	0	0	0	100	0	7650	430	3290	430	0	0	0	0	0.175	0.007	3.5	3.5	0	0	0	0	0.668703	0.025208481846158	0.020558947954312	0.007	3.5	0
107Zr	40	107	0	0	0	100	0	9300	1100	3800	1100	-600	1100	0	0	0.15	0.003	11.5	11.5	0	0	0	0	0.66708	0.026817719100625	0.020869939979789	0.003	11.5	0
108Zr	40	108	0	0	0	100	0	8190	400	4300	400	0	0	0	0	0.0785	0.002	0	0	0	0	0	0	0.664251	0.029161113694454	0.021260633854636	0.002	0	0
109Zr	40	109	0	0	0	100	0	10500	570	5280	500	1390	500	0	0	0.056	0.003	0	0	0	0	0	0	0.661016	0.033956178127557	0.0215959403831	0.003	0	0
110Zr	40	110	0	0	0	100	0	9400	1000	5730	650	520	600	0	0	0.0375	0.002	0	0	0	0	0	0	0.657962	0.036755878850867	0.022864188485481	0.002	0	0
111Zr	40	111	0	0	0	100	0	11320	760	6700	1100	2990	750	0	0	0.024	0.005	0	0	0	0	0	0	0.65416	0.040323738058866	0.024596795706758	0.005	0	0
112Zr	40	112	0	0	0	100	0	10460	760	6990	760	2400	1100	0	0	0.04	0.02	0	0	0	0	0	0	0.653135	0.042748927839216	0.024951302559235	0.02	0	0
103Nb	41	103	0	0	0	100	0	5932	10	466.1	9.2	0	0	0	0	1.36	0.07	0	0	0	0	0	0	0.673073	0.020195052290007	0.020192197156231	0.07	0	0
104Nb	41	104	0	0	0	100	0	8531	9.3	1070.3	9.6	0	0	0	0	4.9	0.4	0.06	0.03	0	0	0	0	0.673276	0.020430407630745	0.020203517390752	0.4	0.03	0
104Nb	41	104	1	8.7	0.2	100	0	8531	9.3	1070.3	9.6	0	0	0	0	0.87	0.03	0.05	0.03	0	0	0	0	0.673276	0.020430407630745	0.020203517390752	0.03	0.03	0
105Nb	41	105	0	0	0	100	0	7421.6	9.9	2363.1	9.8	0	0	0	0	2.91	0.07	1.7	0.9	0	0	0	0	0.669751	0.021326796801229	0.02038962446444	0.07	0.9	0
106Nb	41	106	0	0	0	100	0	9931	10	3062.5	10	0	0	0	0	1.013	0.042	4.5	0.3	0	0	0	0	0.669391	0.024603123293454	0.020439773990749	0.042	0.3	0
107Nb	41	107	0	0	0	100	0	8828	12	4339	12	0	0	0	0	0.287	0.011	7.4	1	0	0	0	0	0.664026	0.029339547982346	0.021295733370992	0.011	1	0
108Nb	41	108	0	0	0	100	0	11210	12	4934	12	446	12	0	0	0.192	0.006	6.3	0.5	0	0	0	0	0.662745	0.033080637275036	0.021153371493039	0.006	0.5	0
109Nb	41	109	0	0	0	100	0	9980	260	5990	260	0	0	0	0	0.113	0.011	31	5	0	0	0	0	0.656878	0.03736251979184	0.023381550252188	0.011	5	0
110Nb	41	110	0	0	0	100	0	12230	840	6280	840	2300	840	0	0	0.075	0.001	20	8	0	0	0	0	0.65568	0.038706763390395	0.023992858940943	0.001	8	0
110Nb	41	110	1	0	0	100	0	12230	840	6280	840	2300	840	0	0	0.094	0.009	20	8	0	0	0	0	0.65568	0.038706763390395	0.023992858940943	0.009	8	0
111Nb	41	111	0	0	0	100	0	11060	300	7600	300	1650	300	0	0	0.054	0.002	0	0	0	0	0	0	0.650829	0.047214284835385	0.02582371680291	0.002	0	0
112Nb	41	112	0	0	0	100	0	13190	360	7600	300	4130	300	0	0	0.038	0.002	0	0	0	0	0	0	0.650829	0.047214284835385	0.02582371680291	0.002	0	0
113Nb	41	113	0	0	0	100	0	11980	500	8880	450	3290	400	-180	400	0.032	0.004	0	0	0	0	0	0	0.643402	0.048137336073402	0.028566606400544	0.004	0	0
114Nb	41	114	0	0	0	100	0	14420	590	9030	590	5930	540	340	500	0.017	0.005	0	0	0	0	0	0	0.642331	0.049106806312414	0.028962006891873	0.005	0	0
115Nb	41	115	0	0	0	100	0	13400	640	10380	590	4990	590	1900	540	0.023	0.008	0	0	0	0	0	0	0.635366	0.05199203152946	0.03321632381165	0.008	0	0
109Mo	42	109	0	0	0	100	0	7617	15	1185	14	0	0	0	0	0.692	0.026	1.3	0.6	0	0	0	0	0.6732	0.020521936190331	0.020213921366227	0.026	0.6	0
110Mo	42	110	0	0	0	100	0	6492	26	1669	26	0	0	0	0	0.287	0.01	2	0.7	0	0	0	0	0.6732	0.020868983324542	0.020202237994836	0.01	0.7	0
111Mo	42	111	0	0	0	100	0	9084.9	6.8	3023	15	0	0	0	0	0.186	0.009	6	6	0	0	0	0	0.669407	0.024487942491849	0.02043727005948	0.009	6	0
111Mo	42	111	1	0	0	100	0	9084.9	6.8	3023	15	0	0	0	0	0.2	0.1	0	0	0	0	0	0	0.669407	0.024487942491849	0.02043727005948	0.1	0	0
112Mo	42	112	0	0	0	100	0	7800	200	3490	200	0	0	0	0	0.125	0.005	0	0	0	0	0	0	0.668131	0.025773946900793	0.020674958061503	0.005	0	0
113Mo	42	113	0	0	0	100	0	10320	300	4700	300	390	300	0	0	0.08	0.002	0	0	0	0	0	0	0.663138	0.031725528763751	0.021232134380217	0.002	0	0
114Mo	42	114	0	0	0	100	0	8790	530	4930	300	0	0	0	0	0.058	0.002	0	0	0	0	0	0	0.662723	0.033156217414779	0.021148998043787	0.002	0	0
115Mo	42	115	0	0	0	100	0	11570	890	5780	590	1920	400	0	0	0.0455	0.002	0	0	0	0	0	0	0.657686	0.036944837421978	0.022992986390123	0.002	0	0
116Mo	42	116	0	0	0	100	0	9960	580	6750	940	960	660	0	0	0.032	0.004	0	0	0	0	0	0	0.654045	0.040432181239979	0.024636310190905	0.004	0	0
117Mo	42	117	0	0	0	100	0	12210	640	7210	580	4010	930	0	0	0.022	0.005	0	0	0	0	0	0	0.652337	0.044527173966154	0.025242827524113	0.005	0	0
118Mo	42	118	0	0	0	100	0	11160	640	7680	640	2680	580	-520	930	0.0205	0.0055	0	0	0	0	0	0	0.650555	0.047652013716343	0.025931742174842	0.0055	0	0
109Tc	43	109	0	0	0	100	0	6456	13	1307	12	0	0	0	0	0.89	0.07	0.08	0.02	0	0	0	0	0.6732	0.020535926007853	0.020210445616067	0.07	0.02	0
110Tc	43	110	0	0	0	100	0	9038	13	1633	13	0	0	0	0	0.911	0.014	0.04	0.02	0	0	0	0	0.6732	0.020810304586911	0.020202979408988	0.014	0.02	0
111Tc	43	111	0	0	0	100	0	7761	14	2977	13	0	0	0	0	0.294	0.02	0.85	0.2	0	0	0	0	0.669421	0.024284640077977	0.020435089153632	0.02	0.2	0
112Tc	43	112	0	0	0	100	0	10372	11	3455	11	0	0	0	0	0.305	0.01	1.7	0.4	0	0	0	0	0.668237	0.025662405583891	0.020652311937217	0.01	0.4	0
113Tc	43	113	0	0	0	100	0	9057	37	4748	10	0	0	0	0	0.152	0.008	2.1	0.3	0	0	0	0	0.663034	0.03209184526699	0.021211791547165	0.008	0.3	0
114Tc	43	114	0	0	0	100	0	11620	430	5200	430	890	430	0	0	0.09	0.02	0.65	0.4	0	0	0	0	0.661447	0.033949124236541	0.021444295755004	0.02	0.4	0
114Tc	43	114	1	0	0	100	0	11620	430	5200	430	890	430	0	0	0.1	0.02	0.65	0.4	0	0	0	0	0.661447	0.033949124236541	0.021444295755004	0.02	0.4	0
115Tc	43	115	0	0	0	100	0	9870	790	5830	790	-590	790	0	0	0.078	0.002	0	0	0	0	0	0	0.657454	0.037063804255694	0.023102338126354	0.002	0	0
116Tc	43	116	0	0	0	100	0	12610	300	6660	310	2620	300	0	0	0.057	0.003	0	0	0	0	0	0	0.654214	0.040274742991314	0.024578811566396	0.003	0	0
117Tc	43	117	0	0	0	100	0	11110	590	7620	400	1670	410	0	0	0.0445	0.003	0	0	0	0	0	0	0.65071	0.047404096423094	0.025870170654443	0.003	0	0
118Tc	43	118	0	0	0	100	0	13470	450	7630	590	4140	400	0	0	0.03	0.004	0	0	0	0	0	0	0.650671	0.047467413024273	0.025885700226513	0.004	0	0
119Tc	43	119	0	0	0	100	0	12190	590	8820	540	2980	660	0	0	0.022	0.003	0	0	0	0	0	0	0.643485	0.048063228217656	0.028535869983277	0.003	0	0
120Tc	43	120	0	0	0	100	0	14490	640	8980	590	5600	540	-240	660	0.021	0.005	0	0	0	0	0	0	0.642551	0.048907129468421	0.028880662126082	0.005	0	0
121Tc	43	121	0	0	0	100	0	13270	640	10160	640	4640	580	1270	540	0.022	0.006	0	0	0	0	0	0	0.636524	0.053691519659239	0.032470589251173	0.006	0	0
114Ru	44	114	0	0	0	100	0	5489	72	474.4	7.9	0	0	0	0	0.543	0.05	0	0	0	0	0	0	0.673206	0.02019698211596	0.020197131048552	0.05	0	0
115Ru	44	115	0	0	0	100	0	8040	89	1450	110	0	0	0	0	0.318	0.019	0	0	0	0	0	0	0.6732	0.02057788453656	0.020206716210211	0.019	0	0
115Ru	44	115	1	61.7	0	100	0	8040	89	1450	110	0	0	0	0	0.076	0.006	0	0	0	0	0	0	0.6732	0.02057788453656	0.020206716210211	0.006	0	0
116Ru	44	116	0	0	0	100	0	6667	74	2089.6	8.2	0	0	0	0	0.204	0.006	0	0	0	0	0	0	0.671233	0.021539013493197	0.020253681326122	0.006	0	0
117Ru	44	117	0	0	0	100	0	9410	430	3170	440	0	0	0	0	0.151	0.003	0	0	0	0	0	0	0.669094	0.024859800054554	0.020488468433546	0.003	0	0
118Ru	44	118	0	0	0	100	0	7630	200	3570	200	0	0	0	0	0.099	0.003	0	0	0	0	0	0	0.667884	0.026041353453889	0.020729736846145	0.003	0	0
119Ru	44	119	0	0	0	100	0	10260	300	4250	300	190	300	0	0	0.0695	0.002	0	0	0	0	0	0	0.664413	0.02903475013001	0.021235719816199	0.002	0	0
120Ru	44	120	0	0	0	100	0	8800	450	4740	400	0	0	0	0	0.045	0.002	0	0	0	0	0	0	0.66304	0.032073126405762	0.021212655124713	0.002	0	0
121Ru	44	121	0	0	0	100	0	11200	740	5700	450	1630	400	0	0	0.029	0.002	0	0	0	0	0	0	0.657982	0.036730897853056	0.022855123738269	0.002	0	0
122Ru	44	122	0	0	0	100	0	9930	580	6030	800	520	540	0	0	0.025	0.001	0	0	0	0	0	0	0.656637	0.037487944192661	0.023501165732621	0.001	0	0
123Ru	44	123	0	0	0	100	0	12280	640	6930	580	3030	800	0	0	0.019	0.002	0	0	0	0	0	0	0.653374	0.042118953281016	0.024867441253342	0.002	0	0
124Ru	44	124	0	0	0	100	0	10930	720	7330	720	1980	670	0	0	0.015	0.003	0	0	0	0	0	0	0.651784	0.045593765893929	0.025453234949421	0.003	0	0
115Rh	45	115	0	0	0	100	0	6197	15	1190	10	0	0	0	0	1.03	0.03	0	0	0	0	0	0	0.6732	0.020522468954782	0.020213795289356	0.03	0	0
116Rh	45	116	0	0	0	100	0	9096	74	1619	75	0	0	0	0	0.69	0.05	0.525	0.525	0	0	0	0	0.6732	0.020804049245279	0.020203058481329	0.05	0.525	0
116Rh	45	116	1	150	0	100	0	9096	74	1619	75	0	0	0	0	0.57	0.05	0.525	0.525	0	0	0	0	0.6732	0.020804049245279	0.020203058481329	0.05	0.525	0
117Rh	45	117	0	0	0	100	0	7527	11	2863	11	0	0	0	0	0.42	0.04	3.8	3.8	0	0	0	0	0.669452	0.023842648390512	0.020430293347713	0.04	3.8	0
118Rh	45	118	0	0	0	100	0	10501	24	3466	25	0	0	0	0	0.285	0.01	3.1	1.4	0	0	0	0	0.668179	0.025723598104404	0.020664638865388	0.01	1.4	0
119Rh	45	119	0	0	0	100	0	8585	12	4494.6	9.6	0	0	0	0	0.19	0.006	6.4	1.6	0	0	0	0	0.663488	0.03038526711302	0.021304429551847	0.006	1.6	0
120Rh	45	120	0	0	0	100	0	11470	200	4520	200	430	200	0	0	0.131	0.005	2.7	2.7	0	0	0	0	0.663441	0.030566088536692	0.021294211993706	0.005	2.7	0
121Rh	45	121	0	0	0	100	0	9930	620	5960	620	0	0	0	0	0.076	0.005	0	0	0	0	0	0	0.656899	0.037351808076463	0.023371323509397	0.005	0	0
122Rh	45	122	0	0	0	100	0	12540	300	6030	300	2060	300	0	0	0.051	0.006	0	0	0	0	0	0	0.656628	0.037492907307191	0.023505848683798	0.006	0	0
123Rh	45	123	0	0	0	100	0	11070	890	7190	400	680	400	0	0	0.042	0.004	0	0	0	0	0	0	0.652286	0.044625335396122	0.02526186650302	0.004	0	0
124Rh	45	124	0	0	0	100	0	13500	500	7470	890	3580	400	0	0	0.03	0.002	0	0	0	0	0	0	0.651226	0.046580113758646	0.025668560025222	0.002	0	0
125Rh	45	125	0	0	0	100	0	12120	640	8320	580	2290	930	0	0	0.0265	0.002	0	0	0	0	0	0	0.646416	0.047560199847671	0.02746581112129	0.002	0	0
126Rh	45	126	0	0	0	100	0	14560	640	8750	640	4950	580	0	0	0.019	0.003	0	0	0	0	0	0	0.643796	0.047781435481308	0.028422383162824	0.003	0	0
127Rh	45	127	0	0	0	100	0	13150	780	9760	720	3950	720	150	670	0.0265	0.0135	0	0	0	0	0	0	0.638192	0.057557610495725	0.031414470582482	0.0135	0	0
119Pd	46	119	0	0	0	100	0	7238	17	74.6	8.6	0	0	0	0	0.92	0.11	0	0	0	0	0	0	0.673048	0.020191982400785	0.020195129246271	0.11	0	0
120Pd	46	120	0	0	0	100	0	5371.5	5	294	15	0	0	0	0	0.492	0.033	0	0	0	0	0	0	0.672288	0.020239154711835	0.020188532771096	0.033	0	0
121Pd	46	121	0	0	0	100	0	8220	13	1397.9	5.6	0	0	0	0	0.29	0.001	0	0	0	0	0	0	0.6732	0.020547250545998	0.020207920526368	0.001	0	0
122Pd	46	122	0	0	0	100	0	6490	43	1715	23	0	0	0	0	0.193	0.006	0	0	0	0	0	0	0.6732	0.020951349383751	0.020201352454724	0.006	0	0
123Pd	46	123	0	0	0	100	0	9120	790	2610	790	0	0	0	0	0.108	0.002	10	6	0	0	0	0	0.66953	0.02255098407631	0.020418429881115	0.002	6	0
124Pd	46	124	0	0	0	100	0	7810	390	3090	300	0	0	0	0	0.081	0.017	17	5	0	0	0	0	0.669244	0.024729046633107	0.02046335051702	0.017	5	0
125Pd	46	125	0	0	0	100	0	10400	590	4010	470	0	0	0	0	0.06	0.007	12	4	0	0	0	0	0.665765	0.027971639578375	0.021039260935273	0.007	4	0
126Pd	46	126	0	0	0	100	0	8820	450	4590	590	0	0	0	0	0.0486	0.0008	22	9	0	0	0	0	0.663301	0.031096466213075	0.021265497759067	0.0008	9	0
127Pd	46	127	0	0	0	100	0	11260	540	5430	540	1200	660	0	0	0.038	0.002	9.5	9.5	0	0	0	0	0.659806	0.034452767129396	0.022058553598829	0.002	9.5	0
128Pd	46	128	0	0	0	100	0	10130	580	5880	540	50	540	0	0	0.035	0.003	0	0	0	0	0	0	0.65723	0.037179693202204	0.023209829180974	0.003	0	0
129Pd	46	129	0	0	0	100	0	14370	720	8940	670	4690	630	0	0	0.031	0.007	0	0	0	0	0	0	0.64264	0.048827319736394	0.028847464943041	0.007	0	0
120Ag	47	120	0	0	0	100	0	8305.9	5.8	254	38	0	0	0	0	0.94	0.1	0.0005	0.0005	0	0	0	0	0.672742	0.020220194428037	0.020186323184463	0.1	0.0005	0
120Ag	47	120	1	0	0	100	0	8305.9	5.8	254	38	0	0	0	0	1.52	0.07	0.0005	0.0005	0	0	0	0	0.672742	0.020220194428037	0.020186323184463	0.07	0.0005	0
120Ag	47	120	2	203	1	63	0	8305.9	5.8	254	38	0	0	0	0	0.44	0.05	0.0005	0.0005	0	0	0	0	0.672742	0.020220194428037	0.020186323184463	0.05	0.0005	0
121Ag	47	121	0	0	0	100	0	6671	12	1483	13	0	0	0	0	0.777	0.012	0.08	0.013	0	0	0	0	0.6732	0.020620394273631	0.020205886271085	0.012	0.013	0
122Ag	47	122	0	0	0	99.8	0	9506	38	1896	38	0	0	0	0	0.529	0.019	0.093	0.006	0	0	0	0	0.672286	0.021257065748038	0.02020727886719	0.019	0.006	0
122Ag	47	122	1	80	50	100	0	9506	38	1896	38	0	0	0	0	0.2	0.05	0.093	0.006	0	0	0	0	0.672286	0.021257065748038	0.02020727886719	0.05	0.006	0
123Ag	47	123	0	0	0	100	0	7866	31	2993	31	0	0	0	0	0.296	0.007	0.56	0.09	0	0	0	0	0.669413	0.024407678548197	0.020436334238608	0.007	0.09	0
124Ag	47	124	0	0	0	100	0	10500	250	3140	250	0	0	0	0	0.191	0.028	0.65	0.9	0	0	0	0	0.669084	0.024868410084893	0.020490180944794	0.028	0.9	0
124Ag	47	124	1	0	0	100	0	10500	250	3140	250	0	0	0	0	0.144	0.02	0.65	0.9	0	0	0	0	0.669084	0.024868410084893	0.020490180944794	0.02	0.9	0
125Ag	47	125	0	0	0	100	0	8830	430	4110	430	0	0	0	0	0.16	0.007	11.8	1	0	0	0	0	0.665158	0.02845831598088	0.021124494608572	0.007	1	0
126Ag	47	126	0	0	0	100	0	11580	200	4600	200	-120	200	0	0	0.052	0.01	0	0	0	0	0	0	0.66328	0.031173744265969	0.021261735666685	0.01	0	0
126Ag	47	126	1	0	0	100	0	11580	200	4600	200	-120	200	0	0	0.103	0.005	13.7	1.1	0	0	0	0	0.66328	0.031173744265969	0.021261735666685	0.005	1.1	0
127Ag	47	127	0	0	0	100	0	10310	200	5750	200	0	0	0	0	0.084	0.005	14.6	1.5	0	0	0	0	0.657749	0.036912035940881	0.022963349000111	0.005	1.5	0
128Ag	47	128	0	0	0	100	0	12620	300	6060	300	1490	300	0	0	0.06	0.005	20	5	0	0	0	0	0.656506	0.037592293295733	0.023566830063299	0.005	5	0
129Ag	47	129	0	0	0	100	0	11080	400	7190	400	620	400	0	0	0.05	0.004	10	10	0	0	0	0	0.652291	0.044616414129924	0.025260085566223	0.004	10	0
129Ag	47	129	1	0	0	100	0	11080	400	7190	400	620	400	0	0	0.158	0.06	0	0	0	0	0	0	0.652291	0.044616414129924	0.025260085566223	0.06	0	0
130Ag	47	130	0	0	0	100	0	15420	500	9290	500	5400	500	0	0	0.041	0.005	0	0	0	0	0	0	0.640478	0.045611616400163	0.029971367430193	0.005	0	0
131Ag	47	131	0	0	0	100	0	14840	510	12670	500	6540	500	2650	500	0.035	0.008	0	0	0	0	0	0	0.623531	0.054422764227526	0.03759159834544	0.008	0	0
132Ag	47	132	0	0	0	100	0	16470	540	13360	510	11180	500	5050	500	0.0245	0.0085	0	0	0	0	0	0	0.620316	0.061158051880929	0.039206055780586	0.0085	0	0
126Cd	48	126	0	0	0	100	0	5516	27	149	27	0	0	0	0	0.514	0.009	0	0	0	0	0	0	0.673193	0.020220979568856	0.020196324980652	0.009	0	0
127Cd	48	127	0	0	0	100	0	8149	24	954	30	0	0	0	0	0.47	0.1	0	0	0	0	0	0	0.673442	0.020292968009328	0.020209620571094	0.1	0	0
127Cd	48	127	1	0	0	100	0	8149	24	954	30	0	0	0	0	0.36	0.04	0	0	0	0	0	0	0.673442	0.020292968009328	0.020209620571094	0.04	0	0
128Cd	48	128	0	0	0	100	0	6900	150	1583	22	0	0	0	0	0.2461	0.0021	0	0	0	0	0	0	0.6732	0.02074729902903	0.02020381795602	0.0021	0	0
129Cd	48	129	0	0	0	100	0	9780	17	3020	150	0	0	0	0	0.151	0.004	0	0	0	0	0	0	0.669403	0.024550956555053	0.02043789489571	0.004	0	0
129Cd	48	129	1	0	0	100	0	9780	17	3020	150	0	0	0	0	0.152	0.008	0	0	0	0	0	0	0.669403	0.024550956555053	0.02043789489571	0.008	0	0
130Cd	48	130	0	0	0	100	0	8766	44	3649	23	0	0	0	0	0.135145	0.000976867807279	2.85123	0.203487725767428	0	0	0	0	0.667621	0.026328959715053	0.020791134184476	0.001094062030425	0.274876380522227	0
131Cd	48	131	0	0	0	100	0	12810	100	6590	110	1480	100	0	0	0.100015	0.00137813	13.63	0.40949	0	0	0	0	0.654341	0.040156156325686	0.024535584175905	0.00137813	0.40949	0
132Cd	48	132	0	0	0	100	0	12150	210	9690	200	3480	200	0	0	0.084	0.005	60	15	0	0	0	0	0.638406	0.056020550012941	0.031277467652488	0.005	15	0
133Cd	48	133	0	0	0	100	0	13540	360	10420	300	7960	300	1750	300	0.064	0.008	0	0	0	0	0	0	0.63493	0.05139599391402	0.033455007150051	0.008	0	0
134Cd	48	134	0	0	0	100	0	12740	500	10470	450	7350	400	4890	400	0.065	0.015	0	0	0	0	0	0	0.634752	0.051242652354787	0.033457722447196	0.015	0	0
127In	49	127	0	0	0	100	0	6575	19	1048	24	0	0	0	0	1.087	0.011	0.015	0.015	0	0	0	0	0.6733	0.020406258892801	0.020201518804288	0.011	0.015	0
127In	49	127	1	408.9	0.3	100	0	6575	19	1048	24	0	0	0	0	3.618	0.032	0.7	0.06	0	0	0	0	0.6733	0.020406258892801	0.020201518804288	0.032	0.06	0
127In	49	127	2	1863	58	100	0	6575	19	1048	24	0	0	0	0	1.04	0.1	0	0	0	0	0	0	0.6733	0.020406258892801	0.020201518804288	0.1	0	0
128In	49	128	0	0	0	100	0	9220	150	1250	150	0	0	0	0	0.84	0.06	0.0192	0.0036	0	0	0	0	0.6732	0.020530511367231	0.0202117594484	0.06	0.0036	0
128In	49	128	1	340	60	100	0	9220	150	1250	150	0	0	0	0	0.72	0.1	0.0192	0.0036	0	0	0	0	0.6732	0.020530511367231	0.0202117594484	0.1	0.0036	0
129In	49	129	0	0	0	100	0	7753	17	2453	18	0	0	0	0	0.609	0.007	0.23	0.1	0	0	0	0	0.669576	0.021684442390765	0.020411570096355	0.007	0.1	0
129In	49	129	1	459	5	99.7	0	7753	17	2453	18	0	0	0	0	1.19	0.03	3.55	0.62	0	0	0	0	0.669576	0.021684442390765	0.020411570096355	0.03	0.62	0
129In	49	129	2	1630	56	100	0	7753	17	2453	18	0	0	0	0	0.67	0.1	0	0	0	0	0	0	0.669576	0.021684442390765	0.020411570096355	0.1	0	0
130In	49	130	0	0	0	100	0	10249	38	2636	42	0	0	0	0	0.275	0.008	1.2	0.29	0	0	0	0	0.669521	0.022727423028071	0.020419783874882	0.008	0.29	0
130In	49	130	1	50	50	100	0	10249	38	2636	42	0	0	0	0	0.535	0.006	0.975	0.15	0	0	0	0	0.669521	0.022727423028071	0.020419783874882	0.006	0.15	0
130In	49	130	2	50	50	100	0	10249	38	2636	42	0	0	0	0	0.535	0.006	0.975	0.15	0	0	0	0	0.669521	0.022727423028071	0.020419783874882	0.006	0.15	0
131In	49	131	0	0	0	100	0	9239.5	4.5	4035.9	3.3	0	0	0	0	0.277804	0.006235807051706	2.87628	0.323218409675253	0	0	0	0	0.665458	0.028228226366309	0.021082019347956	0.006335069180648	0.168524737946688	0
131In	49	131	1	0	0	100	0	9239.5	4.5	4035.9	3.3	0	0	0	0	0.33	0.015	1.105	0.27	0	0	0	0	0.665458	0.028228226366309	0.021082019347956	0.015	0.27	0
131In	49	131	2	3764	88	99	0	9239.5	4.5	4035.9	3.3	0	0	0	0	0.32	0.06	12	7	0	0	0	0	0.665458	0.028228226366309	0.021082019347956	0.06	7	0
132In	49	132	0	0	0	100	0	14135	60	6782	60	1578	60	0	0	0.213778	0.0075992565383	12.2001	0.957586369169904	0	0	0	0	0.653733	0.041170350408517	0.024743030286529	0.007606130346852	0.985253144882573	0
133In	49	133	0	0	0	100	0	13410	200	11010	200	3660	200	0	0	0.165767	0.00333729336067	88.6805	3.4462004892635	0	0	0	0	0.632708	0.048812685983642	0.033492857401804	0.003536117454285	5.29977133552949	0
133In	49	133	1	0	0	100	0	13410	200	11010	200	3660	200	0	0	0.167	0.011	80	5	0	0	0	0	0.632708	0.048812685983642	0.033492857401804	0.011	5	0
134In	49	134	0	0	0	100	0	14770	300	11140	300	8740	300	1390	300	0.136	0.005	65	32.5	0	0	0	0	0.631743	0.048181968621509	0.033908037177697	0.005	32.5	0
135In	49	135	0	0	0	100	0	14100	400	11830	400	8200	400	5800	400	0.101	0.005	0	0	0	0	0	0	0.626441	0.049741818612038	0.036456283612471	0.005	0	0
136In	49	136	0	0	0	100	0	15390	500	12050	400	9780	400	6150	400	0.086	0.009	0	0	0	0	0	0	0.625734	0.050747636781238	0.036679624846506	0.009	0	0
137In	49	137	0	0	0	100	0	14750	640	12790	580	9450	500	7180	500	0.07	0.035	0	0	0	0	0	0	0.622626	0.055912313691068	0.038061547410587	0.035	0	0
133Sn	50	133	0	0	0	100	0	8049.6	3.7	690.1	3.1	0	0	0	0	1.42	0.06	0.0294	0.0024	0	0	0	0	0.673846	0.020225699111388	0.020313385674092	0.06	0.0024	0
134Sn	50	134	0	0	0	100	0	7586.8	3.6	4418.4	4.5	0	0	0	0	1.01991	0.033734135237916	24.043	1.0273203559713	0	0	0	0	0.663566	0.030095479622701	0.021320190940055	0.034086848787326	1.45868431269415	0
135Sn	50	135	0	0	0	100	0	9058.1	4.1	5317	3.5	2148.6	4.4	0	0	0.512309	0.030075961660103	20.0064	2.08783596675697	0	0	0	0	0.660448	0.033966532434642	0.02180618842516	0.030988663909565	1.86863380559167	0
136Sn	50	136	0	0	0	100	0	8610	300	5720	300	1980	300	0	0	0.369649	0.006549837627499	19.9544	1.74487633884926	0	0	0	0	0.65773	0.03692187328143	0.022972583085278	0.008406598562617	2.624572767309	0
137Sn	50	137	0	0	0	100	0	10270	400	6650	400	3760	400	20	400	0.252	0.022	50	10	0	0	0	0	0.654104	0.040376220817883	0.024615968039758	0.022	10	0
138Sn	50	138	0	0	0	100	0	9400	1200	7130	510	3500	500	620	500	0.145	0.025	0	0	0	0	0	0	0.652401	0.044405002413252	0.025218441016861	0.025	0	0
139Sn	50	139	0	0	0	100	0	11350	640	7700	1200	5480	500	1850	500	0.13	0.06	0	0	0	0	0	0	0.650177	0.0481981612014	0.02608058832151	0.06	0	0
134Sb	51	134	0	0	0	100	0	8513.2	3.2	845.3	2.7	0	0	0	0	0.675	0.006	0	0	0	0	0	0	0.673604	0.020222708471775	0.02026014597515	0.006	0	0
134Sb	51	134	1	0	0	100	0	8513.2	3.2	845.3	2.7	0	0	0	0	9.97	0.1	0.088	0.0036	0	0	0	0	0.673604	0.020222708471775	0.02026014597515	0.1	0.0036	0
135Sb	51	135	0	0	0	100	0	8038.5	3.2	4772.1	3.8	0	0	0	0	1.668	0.01	22.8	1.8	0	0	0	0	0.66291	0.032513473903753	0.021186498679348	0.01	1.8	0
136Sb	51	136	0	0	0	100	0	9918.4	6.3	5150.6	6.1	1884.2	6.4	0	0	0.923	0.014	16.3	3.2	0.14	0.03	0	0	0.661471	0.033948733709181	0.021436253041446	0.014	3.2	0.03
137Sb	51	137	0	0	0	100	0	9243	52	6294	52	1526	52	0	0	0.492	0.025	33.9	1.8	0	0	0	0	0.655395	0.03909501280755	0.024143829220372	0.025	1.8	0
138Sb	51	138	0	0	0	100	0	11500	1100	7000	1100	4100	1100	-700	1100	0.348	0.015	33.9	3.2	0	0	0	0	0.65283	0.04355916404168	0.025058486227424	0.015	3.2	0
139Sb	51	139	0	0	0	100	0	10420	400	7840	400	3370	400	420	400	0.0985	0.0085	90	10	0	0	0	0	0.649209	0.047222446507068	0.026427483083202	0.0085	10	0
140Sb	51	140	0	0	0	100	0	12640	600	8200	600	5610	600	1150	600	0.173	0.012	23	4	7.6	2.5	0	0	0.646873	0.047111561758406	0.027292055809633	0.012	4	2.5
136Te	52	136	0	0	0	100	0	5120	14	1282.6	3.1	0	0	0	0	17.67	0.09	1.37	0.05	0	0	0	0	0.6732	0.020534297163526	0.020210826108796	0.09	0.05	0
137Te	52	137	0	0	0	100	0	7052.5	8.6	2170	14	0	0	0	0	2.51	0.05	2.91	0.16	0	0	0	0	0.670679	0.021458818442237	0.020294916233799	0.05	0.16	0
138Te	52	138	0	0	0	100	0	6283.9	7.1	2589	9.2	0	0	0	0	1.4	0.4	4.82	0.23	0	0	0	0	0.669529	0.022572819355519	0.020418580133224	0.4	0.23	0
139Te	52	139	0	0	0	100	0	8265.9	5.3	3703.5	6.9	8.6	9.1	0	0	1.715	0.325	0	0	0	0	0	0	0.667378	0.026565778294558	0.02083453266564	0.325	0	0
140Te	52	140	0	0	0	100	0	7030	64	3823	63	0	0	0	0	0.35	0.005	0	0	0	0	0	0	0.666694	0.027150674423896	0.020917365433352	0.005	0	0
137I	53	137	0	0	0	100	0	6027.1	8.4	2001.6	8.4	0	0	0	0	24.59	0.1	7.63	0.14	0	0	0	0	0.671666	0.021467550372607	0.020229507112147	0.1	0.14	0
138I	53	138	0	0	0	100	0	7992.3	6.6	2332.2	6	0	0	0	0	6.251	0.031	5.3	0.21	0	0	0	0	0.669772	0.021329738108697	0.020387022337399	0.031	0.21	0
139I	53	139	0	0	0	100	0	7173.6	4.5	3430	4.9	0	0	0	0	2.28	0.011	9.74	0.33	0	0	0	0	0.668202	0.025699712946327	0.020659731980924	0.011	0.33	0
140I	53	140	0	0	0	100	0	9380	12	3967	12	223	12	0	0	0.86	0.04	7.88	0.43	0	0	0	0	0.665741	0.027993538471813	0.021042667301768	0.04	0.43	0
141I	53	141	0	0	0	100	0	8271	16	4988	16	0	0	0	0	0.43	0.02	21.2	3	0	0	0	0	0.662508	0.033902895467166	0.021106680957877	0.02	3	0
142I	53	142	0	0	0	100	0	10460	370	5360	370	2070	370	0	0	0.2	0.1	0	0	0	0	0	0	0.659981	0.03423842749492	0.021988349740826	0.1	0	0
141Xe	54	141	0	0	0	100	0	6280.2	9.6	781.5	8.7	0	0	0	0	1.728	0.013	0.0433	0.0027	0	0	0	0	0.673701	0.020217238551813	0.020311029089165	0.013	0.0027	0
142Xe	54	142	0	0	0	100	0	5284.9	7.6	1176.6	9.6	0	0	0	0	1.221	0.02	0.36	0.07	0	0	0	0	0.6732	0.020522291319441	0.020213837265596	0.02	0.07	0
143Xe	54	143	0	0	0	100	0	7472.6	8.9	2240.4	8.5	0	0	0	0	0.511	0.006	1	0.15	0	0	0	0	0.670283	0.021402124989825	0.020331339702049	0.006	0.15	0
144Xe	54	144	0	0	0	100	0	6399	21	2731.9	9.3	0	0	0	0	0.388	0.007	3	0.3	0	0	0	0	0.669486	0.023373837720332	0.020425086285654	0.007	0.3	0
145Xe	54	145	0	0	0	100	0	8561	14	3707	23	40	14	0	0	0.188	0.004	5	0.6	0	0	0	0	0.66729	0.026640181656475	0.020844770319915	0.004	0.6	0
146Xe	54	146	0	0	0	100	0	7355	24	4028	26	0	0	0	0	0.146	0.006	6.9	1.5	0	0	0	0	0.665441	0.028240594487951	0.021084430464988	0.006	1.5	0
147Xe	54	147	0	0	0	100	0	9560	200	4880	200	1550	200	0	0	0.125	0.075	4	4	0	0	0	0	0.662726	0.033145868776793	0.021149764655154	0.075	4	0
141Cs	55	141	0	0	0	100	0	5255.1	9.6	721	12	0	0	0	0	24.91	0.06	0.0342	0.0014	0	0	0	0	0.673794	0.020222545709984	0.020324166501788	0.06	0.0014	0
142Cs	55	142	0	0	0	100	0	7327.7	8.4	1146.8	8.8	0	0	0	0	1.687	0.014	0.0916	0.0038	0	0	0	0	0.6732	0.020518748524216	0.020214816348411	0.014	0.0038	0
143Cs	55	143	0	0	0	100	0	6261.7	9.7	2095.4	9.6	0	0	0	0	1.795	0.009	1.582	0.025	0	0	0	0	0.671067	0.021514895947694	0.020264789232561	0.009	0.025	0
144Cs	55	144	0	0	0	100	0	8496	20	2595	21	0	0	0	0	0.989	0.005	2.98	0.11	0	0	0	0	0.669525	0.022643859610554	0.020419181620783	0.005	0.11	0
144Cs	55	144	1	0	0	100	0	8496	20	2595	21	0	0	0	0	0.5	0.5	0	0	0	0	0	0	0.669525	0.022643859610554	0.020419181620783	0.5	0	0
145Cs	55	145	0	0	0	100	0	7462	12	3641	11	0	0	0	0	0.581	0.006	13.5	0.6	0	0	0	0	0.667548	0.02640991079261	0.020808733817164	0.006	0.6	0
146Cs	55	146	0	0	0	100	0	9637	21	4134.5	9	314.1	7.7	0	0	0.3217	0.0011	14.3	0.8	0	0	0	0	0.664782	0.028747845515301	0.021179671781489	0.0011	0.8	0
147Cs	55	147	0	0	0	100	0	8344	21	4956	22	0	0	0	0	0.2297	0.001	28.5	2	0	0	0	0	0.662556	0.033737071713805	0.021115788804172	0.001	2	0
148Cs	55	148	0	0	0	100	0	10683	64	5282	24	1894	25	0	0	0.151	0.001	29	4.5	0	0	0	0	0.660481	0.03396548549962	0.02179374362575	0.001	4.5	0
149Cs	55	149	0	0	0	100	0	9870	590	6270	410	870	400	0	0	0.106	0.007	25	4	0	0	0	0	0.655422	0.039057396319719	0.024129409322974	0.007	4	0
150Cs	55	150	0	0	0	100	0	11730	500	6880	590	3280	400	0	0	0.081	0.003	20	10	0	0	0	0	0.653222	0.042519217292368	0.024920575999676	0.003	10	0
151Cs	55	151	0	0	0	100	0	10710	640	7600	580	2750	660	0	0	0.069	0.026	0	0	0	0	0	0	0.650423	0.047863968776483	0.025983495435297	0.026	0	0
147Ba	56	147	0	0	0	100	0	6414	22	715	39	0	0	0	0	0.894	0.007	0.066	0.045	0	0	0	0	0.673803	0.0202230819493	0.020322260467972	0.007	0.045	0
148Ba	56	148	0	0	0	100	0	5115	60	1013	64	0	0	0	0	0.62	0.022	0.39	0.33	0	0	0	0	0.67334	0.020369400581264	0.020200383066665	0.022	0.33	0
149Ba	56	149	0	0	0	100	0	7100	480	1520	440	0	0	0	0	0.352	0.006	2.2	1.7	0	0	0	0	0.6732	0.020683033143135	0.020204821825495	0.006	1.7	0
150Ba	56	150	0	0	0	100	0	6230	530	2250	360	0	0	0	0	0.259	0.005	0	0	0	0	0	0	0.670165	0.021385134053882	0.020343457191503	0.005	0	0
151Ba	56	151	0	0	0	100	0	8370	590	3120	590	0	0	0	0	0.167	0.005	0	0	0	0	0	0	0.669062	0.024887964739199	0.02049396515708	0.005	0	0
152Ba	56	152	0	0	0	100	0	7580	500	3530	590	0	0	0	0	0.139	0.008	0	0	0	0	0	0	0.667858	0.02607016066977	0.020735665924865	0.008	0	0
153Ba	56	153	0	0	0	100	0	9590	500	4750	500	700	590	0	0	0.116	0.052	0	0	0	0	0	0	0.662923	0.032471799681202	0.021188934247293	0.052	0	0
154Ba	56	154	0	0	0	100	0	8710	580	5170	580	330	580	0	0	0.053	0.048	0	0	0	0	0	0	0.661163	0.033954695438365	0.021543382401844	0.048	0	0
147La	57	147	0	0	0	100	0	5336	14	886	20	0	0	0	0	4.073	0.023	0.043	0.004	0	0	0	0	0.673535	0.02024498657946	0.020233209350039	0.023	0.004	0
148La	57	148	0	0	0	100	0	7690	22	1234	21	0	0	0	0	1.34	0.07	0.19	0.05	0	0	0	0	0.6732	0.020529074626003	0.02021211678672	0.07	0.05	0
149La	57	149	0	0	0	100	0	6450	200	2110	200	0	0	0	0	1.091	0.034	1.41	0.34	0	0	0	0	0.670964	0.021500033613146	0.020272204033267	0.034	0.34	0
150La	57	150	0	0	0	100	0	8720	440	2470	440	0	0	0	0	0.51	0.02	2.69	0.34	0	0	0	0	0.669563	0.021907149492166	0.020413498447647	0.02	0.34	0
151La	57	151	0	0	0	100	0	7910	440	3470	440	0	0	0	0	0.463	0.024	0	0	0	0	0	0	0.668034	0.025878902829146	0.020696135838373	0.024	0	0
152La	57	152	0	0	0	100	0	9690	360	3860	300	0	0	0	0	0.2895	0.0145	0	0	0	0	0	0	0.666306	0.0274896700248	0.020966900130263	0.0145	0	0
153La	57	153	0	0	0	100	0	8850	360	4850	360	0	0	0	0	0.245	0.018	0	0	0	0	0	0	0.66272	0.033167368339379	0.021148572494615	0.018	0	0
154La	57	154	0	0	0	100	0	10690	360	5310	360	1310	360	0	0	0.161	0.015	0	0	0	0	0	0	0.660141	0.034044074475493	0.021925281979781	0.015	0	0
155La	57	155	0	0	0	100	0	9850	500	6220	450	840	450	0	0	0.101	0.028	0	0	0	0	0	0	0.655533	0.038907109937389	0.024070268043379	0.028	0	0
156La	57	156	0	0	0	100	0	11770	500	6660	500	3030	450	0	0	0.084	0.078	0	0	0	0	0	0	0.653955	0.040591855387781	0.024666854923612	0.078	0	0
153Ce	58	153	0	0	0	100	0	6660	200	780	200	0	0	0	0	0.865	0.025	0	0	0	0	0	0	0.673696	0.020216965310709	0.020308123876282	0.025	0	0
154Ce	58	154	0	0	0	100	0	5890	230	1280	200	0	0	0	0	0.722	0.014	0	0	0	0	0	0	0.6732	0.020534477957815	0.020210787837192	0.014	0	0
155Ce	58	155	0	0	0	100	0	7640	300	2250	320	0	0	0	0	0.313	0.007	0	0	0	0	0	0	0.670187	0.021388482168497	0.020341065593329	0.007	0	0
156Ce	58	156	0	0	0	100	0	6750	360	2520	300	0	0	0	0	0.233	0.009	0	0	0	0	0	0	0.669548	0.022200071798839	0.020415733537485	0.009	0	0
157Ce	58	157	0	0	0	100	0	8610	500	3570	450	0	0	0	0	0.175	0.041	0	0	0	0	0	0	0.667744	0.026194669850609	0.02076202737168	0.041	0	0
158Ce	58	158	0	0	0	100	0	7670	500	3810	500	0	0	0	0	0.099	0.093	0	0	0	0	0	0	0.666565	0.027262408354775	0.020933677968826	0.093	0	0
153Pr	59	153	0	0	0	100	0	5762	12	510	27	0	0	0	0	4.29	0.11	0	0	0	0	0	0	0.673804	0.020221411829405	0.020238938988356	0.11	0	0
154Pr	59	154	0	0	0	100	0	7720	100	1150	110	0	0	0	0	2.3	0.1	0	0	0	0	0	0	0.6732	0.020519986354771	0.020214472835075	0.1	0	0
155Pr	59	155	0	0	0	100	0	6868	19	2338	55	0	0	0	0	1.47	0.03	0	0	0	0	0	0	0.6696	0.021309149302588	0.020408031360227	0.03	0	0
156Pr	59	156	0	0	0	100	0	8910	280	2650	200	0	0	0	0	0.444	0.006	0	0	0	0	0	0	0.669505	0.023071219181537	0.020422200555339	0.006	0	0
157Pr	59	157	0	0	0	100	0	7920	300	3860	360	0	0	0	0	0.304	0.02	0	0	0	0	0	0	0.666301	0.027495053397673	0.020967662753414	0.02	0	0
158Pr	59	158	0	0	0	100	0	9730	360	4060	300	0	360	0	0	0.181	0.014	0	0	0	0	0	0	0.665065	0.028529177569683	0.021138321428214	0.014	0	0
159Pr	59	159	0	0	0	100	0	8720	500	4900	450	0	0	0	0	0.134	0.043	0	0	0	0	0	0	0.662605	0.033562041228485	0.021125961668585	0.043	0	0
160Pr	59	160	0	0	0	100	0	10610	500	5220	500	1390	450	0	0	0.17	0.14	0	0	0	0	0	0	0.660667	0.033963056346567	0.02172367937068	0.14	0	0
158Nd	60	158	0	0	0	100	0	5040	200	170	200	0	0	0	0	0.8095	0.0255	0	0	0	0	0	0	0.673234	0.020255646543135	0.020197710411836	0.0255	0	0
159Nd	60	159	0	0	0	100	0	6750	300	1210	300	0	0	0	0	0.4945	0.0295	0	0	0	0	0	0	0.6732	0.020527282942465	0.020212518521946	0.0295	0	0
160Nd	60	160	0	0	0	100	0	5870	360	1350	300	0	0	0	0	0.439	0.037	0	0	0	0	0	0	0.6732	0.0205439441442	0.020208652627031	0.037	0	0
161Nd	60	161	0	0	0	100	0	7650	500	2340	450	0	0	0	0	0.215	0.076	0	0	0	0	0	0	0.669622	0.021309104265445	0.020405338066192	0.076	0	0
162Nd	60	162	0	0	0	100	0	6820	500	2610	500	0	0	0	0	0.31	0.2	0	0	0	0	0	0	0.669518	0.022797446635349	0.020420236068459	0.2	0	0
159Pm	61	159	0	0	0	100	0	5653	12	625	11	0	0	0	0	1.49	0.18	0	0	0	0	0	0	0.673944	0.020232004340213	0.020295126499295	0.18	0	0
160Pm	61	160	0	0	0	100	0	7230	200	1130	200	0	0	0	0	0.725	0.057	0	0	0	0	0	0	0.6732	0.020517689367958	0.020215119514858	0.057	0	0
161Pm	61	161	0	0	0	100	0	6440	300	1930	300	0	0	0	0	1.05	0.15	0	0	0	0	0	0	0.671964	0.021364071043844	0.020216973476918	0.15	0	0
162Pm	61	162	0	0	0	100	0	8160	360	2230	300	0	0	0	0	0.63	0.18	0	0	0	0	0	0	0.670246	0.021396634208782	0.020335140901022	0.18	0	0
163Pm	61	163	0	0	0	100	0	7470	500	3210	450	0	0	0	0	0.43	0.35	0	0	0	0	0	0	0.668748	0.025166627401255	0.020550469648006	0.35	0	0
163Sm	62	163	0	0	0	100	0	5770	310	-90	300	0	0	0	0	1.25	0.49	0	0	0	0	0	0	0.673098	0.020193900931806	0.020193090646149	0.49	0	0
164Sm	62	164	0	0	0	100	0	5280	320	310	310	0	0	0	0	1.43	0.24	0	0	0	0	0	0	0.672096	0.020245124324005	0.020193081634421	0.24	0	0
165Sm	62	165	0	0	0	100	0	6920	420	1500	420	0	0	0	0	0.98	0.21	0	0	0	0	0	0	0.6732	0.020669959288784	0.020205029868822	0.21	0	0
166Sm	62	166	0	0	0	100	0	6480	540	1920	420	0	0	0	0	0.8	0.63	0	0	0	0	0	0	0.67198	0.021358240408798	0.02021647180791	0.63	0	0
165Eu	63	165	0	0	0	100	0	5729	65	980	170	0	0	0	0	2.53	0.26	0	0	0	0	0	0	0.673387	0.020331327934793	0.02020246625024	0.26	0	0
166Eu	63	166	0	0	0	100	0	7320	300	1170	380	0	0	0	0	1.285	0.115	0	0	0	0	0	0	0.6732	0.020522468954782	0.020213795289356	0.115	0	0
167Eu	63	167	0	0	0	100	0	6800	500	2450	450	0	0	0	0	1.33	0.51	0	0	0	0	0	0	0.669566	0.021854493028217	0.020413052724186	0.51	0	0
168Eu	63	168	0	0	0	100	0	8620	640	3000	580	0	0	0	0	0.2	0.1	0	0	0	0	0	0	0.669339	0.024647577492097	0.020447996191043	0.1	0	0
169Gd	64	169	0	0	0	100	0	6180	590	500	590	0	0	0	0	0.75	0.21	0	0	0	0	0	0	0.673677	0.020214053311894	0.02022734610116	0.21	0	0
170Gd	64	170	0	0	0	100	0	5340	720	880	670	0	0	0	0	0.375	0.175	0	0	0	0	0	0	0.673536	0.020244460599542	0.020233603089079	0.175	0	0
169Tb	65	169	0	0	0	100	0	5270	420	160	330	0	0	0	0	5.13	0.32	0	0	0	0	0	0	0.673214	0.02023713096801	0.020197030222694	0.32	0	0
170Tb	65	170	0	0	0	100	0	6940	450	800	500	0	0	0	0	0.96	0.078	0	0	0	0	0	0	0.673664	0.020215245791392	0.020289654393469	0.078	0	0
171Tb	65	171	0	0	0	100	0	6160	590	1560	540	0	0	0	0	1.235	0.095	0	0	0	0	0	0	0.6732	0.020761352557095	0.020203624452063	0.095	0	0
172Tb	65	172	0	0	0	100	0	8160	590	2270	590	0	0	0	0	0.76	0.19	0	0	0	0	0	0	0.669962	0.021356662058936	0.020365221881914	0.19	0	0
174Ho	67	174	0	0	0	100	0	6260	420	-110	360	0	0	0	0	3.2	1.1	0	0	0	0	0	0	0.673098	0.020193900931806	0.020193090646149	1.1	0	0
192Ta	73	192	0	0	0	100	0	6590	450	40	400	0	0	0	0	2.2	0.7	0	0	0	0	0	0	0.67333	0.020201704383789	0.020326266971827	0.7	0	0
206Au	79	206	0	0	0	100	0	6730	300	0	300	0	0	0	0	47	15	0	0	0	0	0	0	0.673098	0.020193910711984	0.020193098470606	15	0	0
209Hg	80	209	0	0	0	100	0	5000	150	40	150	0	0	0	0	6	1	0	0	0	0	0	0	0.67333	0.020201704383789	0.020326266971827	1	0	0
210Hg	80	210	0	0	0	100	0	3880	200	210	200	0	0	0	0	64	12	2.2	2.2	0	0	0	0	0.673232	0.020208070002888	0.020197353025622	12	2.2	0
211Hg	80	211	0	0	0	100	0	5450	200	550	200	0	0	0	0	26.4	8.1	6.3	6.3	0	0	0	0	0.674056	0.020239789475743	0.020277385088379	8.1	6.3	0
209Tl	81	209	0	0	0	100	0	3969.9	6.2	32.5	6.1	0	0	0	0	129.72	0.42	0	0	0	0	0	0	0.673821	0.020230060949906	0.020286490628911	0.42	0	0
210Tl	81	210	0	0	0	100	0	5482	12	296	12	0	0	0	0	78	1.8	0.0085	0.0055	0	0	0	0	0.672239	0.020240639189732	0.02018948604618	1.8	0.0055	0
211Tl	81	211	0	0	0	100	0	4415	42	579	42	0	0	0	0	80	18	2.2	2.2	0	0	0	0	0.674008	0.02023637738474	0.02028455327725	18	2.2	0
212Tl	81	212	0	0	0	100	0	6000	200	870	200	0	0	0	0	34	13	1.8	1.8	0	0	0	0	0.673541	0.020242546154397	0.020235232141315	13	1.8	0
213Tl	81	213	0	0	0	100	0	4987	28	1261	27	0	0	0	0	24.4	4.4	7.6	3.4	0	0	0	0	0.6732	0.020535382635831	0.02021059722027	4.4	3.4	0
214Tl	81	214	0	0	0	100	0	6650	200	1600	200	0	0	0	0	11	2.4	34	12	0	0	0	0	0.6732	0.020862198254259	0.020202337785514	2.4	12	0
215Tl	81	215	0	0	0	100	0	5570	300	2020	300	0	0	0	0	9.7	3.8	4.6	4.6	0	0	0	0	0.671153	0.021527201477854	0.020258918911633	3.8	4.6	0
216Tl	81	216	0	0	0	100	0	7240	360	2300	300	0	0	0	0	5.9	3.3	5.75	5.75	0	0	0	0	0.669595	0.021374862400083	0.020408766317994	3.3	5.75	0
219Bi	83	219	0	0	0	100	0	3600	200	-150	200	0	0	0	0	10.6	4.7	0	0	0	0	0	0	0.673098	0.020193910711984	0.020193098470606	4.7	0	0
220Bi	83	220	0	0	0	100	0	5560	300	70	300	0	0	0	0	9.5	5.7	0	0	0	0	0	0	0.67304	0.02019167844534	0.020196833574598	5.7	0	0
233Fr	87	233	0	0	0	100	0	4586	21	352	22	0	0	0	0	0.9	0.1	0	0	0	0	0	0	0.6716	0.020264520818416	0.020214798242872	0.1	0	0
#Additional	data	from	WC12																										
125Sn	50	125	0	0	0	100	0	0	0	0	0	0	0	0	0	832896	2592	0	0	0	0	0	0	0.668	0.02	0.02	2592	0	0
127Sn	50	127	0	0	0	100	0	0	0	0	0	0	0	0	0	7560	144	0	0	0	0	0	0	0.668	0.02	0.02	144	0	0
128Sn	50	128	0	0	0	100	0	0	0	0	0	0	0	0	0	3544.2	8.4	0	0	0	0	0	0	0.668	0.02	0.02	8.4	0	0
129Sn	50	129	0	0	0	100	0	0	0	0	0	0	0	0	0	133.8	2.4	0	0	0	0	0	0	0.668	0.02	0.02	2.4	0	0
130Sn	50	130	0	0	0	100	0	0	0	0	0	0	0	0	0	223.2	4.2	0	0	0	0	0	0	0.668	0.02	0.02	4.2	0	0
131Sn	50	131	0	0	0	100	0	0	0	0	0	0	0	0	0	56	0.5	0	0	0	0	0	0	0.668	0.02	0.02	0.5	0	0
132Sn	50	132	0	0	0	100	0	0	0	0	0	0	0	0	0	39.7	0.8	0	0	0	0	0	0	0.668	0.02	0.02	0.8	0	0
126Sb	51	126	0	0	0	100	0	0	0	0	0	0	0	0	0	1067040	5184	0	0	0	0	0	0	0.668	0.02	0.02	5184	0	0
127Sb	51	127	0	0	0	100	0	0	0	0	0	0	0	0	0	332640	4320	0	0	0	0	0	0	0.668	0.02	0.02	4320	0	0
128Sb	51	128	0	0	0	100	0	0	0	0	0	0	0	0	0	32580	144	0	0	0	0	0	0	0.668	0.02	0.02	144	0	0
129Sb	51	129	0	0	0	100	0	0	0	0	0	0	0	0	0	15717.6	93.6	0	0	0	0	0	0	0.668	0.02	0.02	93.6	0	0
130Sb	51	130	0	0	0	100	0	0	0	0	0	0	0	0	0	2370	48	0	0	0	0	0	0	0.668	0.02	0.02	48	0	0
131Sb	51	131	0	0	0	100	0	0	0	0	0	0	0	0	0	1381.8	2.4	0	0	0	0	0	0	0.668	0.02	0.02	2.4	0	0
132Sb	51	132	0	0	0	100	0	0	0	0	0	0	0	0	0	167.4	4.2	0	0	0	0	0	0	0.668	0.02	0.02	4.2	0	0
133Sb	51	133	0	0	0	100	0	0	0	0	0	0	0	0	0	140.4	3	0	0	0	0	0	0	0.668	0.02	0.02	3	0	0
127Te	52	127	0	0	0	100	0	0	0	0	0	0	0	0	0	33660	252	0	0	0	0	0	0	0.668	0.02	0.02	252	0	0
129Te	52	129	0	0	0	100	0	0	0	0	0	0	0	0	0	4194	18	0	0	0	0	0	0	0.668	0.02	0.02	18	0	0
131Te	52	131	0	0	0	100	0	0	0	0	0	0	0	0	0	1500	6	0	0	0	0	0	0	0.668	0.02	0.02	6	0	0
132Te	52	132	0	0	0	100	0	0	0	0	0	0	0	0	0	276825.6	1123.2	0	0	0	0	0	0	0.668	0.02	0.02	1123.2	0	0
133Te	52	133	0	0	0	100	0	0	0	0	0	0	0	0	0	750	18	0	0	0	0	0	0	0.668	0.02	0.02	18	0	0
134Te	52	134	0	0	0	100	0	0	0	0	0	0	0	0	0	2508	48	0	0	0	0	0	0	0.668	0.02	0.02	48	0	0
135Te	52	135	0	0	0	100	0	0	0	0	0	0	0	0	0	19	0.2	0	0	0	0	0	0	0.668	0.02	0.02	0.2	0	0
128I	53	128	0	0	0	100	0	0	0	0	0	0	0	0	0	1499.4	1.2	0	0	0	0	0	0	0.668	0.02	0.02	1.2	0	0
130I	53	130	0	0	0	100	0	0	0	0	0	0	0	0	0	44496	36	0	0	0	0	0	0	0.668	0.02	0.02	36	0	0
131I	53	131	0	0	0	100	0	0	0	0	0	0	0	0	0	693377.28	51.84	0	0	0	0	0	0	0.668	0.02	0.02	51.84	0	0
132I	53	132	0	0	0	100	0	0	0	0	0	0	0	0	0	8262	46.8	0	0	0	0	0	0	0.668	0.02	0.02	46.8	0	0
133I	53	133	0	0	0	100	0	0	0	0	0	0	0	0	0	74988	288	0	0	0	0	0	0	0.668	0.02	0.02	288	0	0
134I	53	134	0	0	0	100	0	0	0	0	0	0	0	0	0	3150	12	0	0	0	0	0	0	0.668	0.02	0.02	12	0	0
135I	53	135	0	0	0	100	0	0	0	0	0	0	0	0	0	23688	108	0	0	0	0	0	0	0.668	0.02	0.02	108	0	0
136I	53	136	0	0	0	100	0	0	0	0	0	0	0	0	0	83.4	1	0	0	0	0	0	0	0.668	0.02	0.02	1	0	0
133Xe	54	133	0	0	0	100	0	0	0	0	0	0	0	0	0	453384	43.2	0	0	0	0	0	0	0.668	0.02	0.02	43.2	0	0
135Xe	54	135	0	0	0	100	0	0	0	0	0	0	0	0	0	32904	72	0	0	0	0	0	0	0.668	0.02	0.02	72	0	0
137Xe	54	137	0	0	0	100	0	0	0	0	0	0	0	0	0	229.08	0.78	0	0	0	0	0	0	0.668	0.02	0.02	0.78	0	0
138Xe	54	138	0	0	0	100	0	0	0	0	0	0	0	0	0	844.8	4.8	0	0	0	0	0	0	0.668	0.02	0.02	4.8	0	0
139Xe	54	139	0	0	0	100	0	0	0	0	0	0	0	0	0	39.68	0.14	0	0	0	0	0	0	0.668	0.02	0.02	0.14	0	0
140Xe	54	140	0	0	0	100	0	0	0	0	0	0	0	0	0	13.6	0.1	0	0	0	0	0	0	0.668	0.02	0.02	0.1	0	0
136Cs	55	136	0	0	0	100	0	0	0	0	0	0	0	0	0	1126656	2592	0	0	0	0	0	0	0.668	0.02	0.02	2592	0	0
138Cs	55	138	0	0	0	100	0	0	0	0	0	0	0	0	0	2004.6	10.8	0	0	0	0	0	0	0.668	0.02	0.02	10.8	0	0
139Cs	55	139	0	0	0	100	0	0	0	0	0	0	0	0	0	556.2	3	0	0	0	0	0	0	0.668	0.02	0.02	3	0	0
140Cs	55	140	0	0	0	100	0	0	0	0	0	0	0	0	0	63.7	0.3	0	0	0	0	0	0	0.668	0.02	0.02	0.3	0	0
